csf	csf_derivative1	csf_power2	csf_derivative1_power2	white_matter	white_matter_derivative1	white_matter_power2	white_matter_derivative1_power2	global_signal	global_signal_derivative1	global_signal_power2	global_signal_derivative1_power2	std_dvars	dvars	framewise_displacement	t_comp_cor_00	t_comp_cor_01	t_comp_cor_02	t_comp_cor_03	t_comp_cor_04	a_comp_cor_00	a_comp_cor_01	a_comp_cor_02	a_comp_cor_03	a_comp_cor_04	a_comp_cor_05	a_comp_cor_06	a_comp_cor_07	a_comp_cor_08	a_comp_cor_09	a_comp_cor_10	a_comp_cor_11	a_comp_cor_12	a_comp_cor_13	a_comp_cor_14	a_comp_cor_15	a_comp_cor_16	a_comp_cor_17	a_comp_cor_18	a_comp_cor_19	a_comp_cor_20	a_comp_cor_21	a_comp_cor_22	a_comp_cor_23	a_comp_cor_24	a_comp_cor_25	a_comp_cor_26	a_comp_cor_27	a_comp_cor_28	a_comp_cor_29	a_comp_cor_30	a_comp_cor_31	a_comp_cor_32	a_comp_cor_33	a_comp_cor_34	a_comp_cor_35	a_comp_cor_36	a_comp_cor_37	a_comp_cor_38	a_comp_cor_39	a_comp_cor_40	a_comp_cor_41	a_comp_cor_42	a_comp_cor_43	a_comp_cor_44	a_comp_cor_45	a_comp_cor_46	a_comp_cor_47	a_comp_cor_48	a_comp_cor_49	a_comp_cor_50	a_comp_cor_51	a_comp_cor_52	a_comp_cor_53	a_comp_cor_54	a_comp_cor_55	a_comp_cor_56	a_comp_cor_57	a_comp_cor_58	a_comp_cor_59	a_comp_cor_60	a_comp_cor_61	a_comp_cor_62	a_comp_cor_63	a_comp_cor_64	a_comp_cor_65	a_comp_cor_66	a_comp_cor_67	a_comp_cor_68	a_comp_cor_69	a_comp_cor_70	a_comp_cor_71	a_comp_cor_72	a_comp_cor_73	a_comp_cor_74	a_comp_cor_75	a_comp_cor_76	a_comp_cor_77	a_comp_cor_78	a_comp_cor_79	a_comp_cor_80	a_comp_cor_81	a_comp_cor_82	a_comp_cor_83	a_comp_cor_84	a_comp_cor_85	a_comp_cor_86	a_comp_cor_87	a_comp_cor_88	a_comp_cor_89	a_comp_cor_90	a_comp_cor_91	a_comp_cor_92	a_comp_cor_93	a_comp_cor_94	a_comp_cor_95	a_comp_cor_96	a_comp_cor_97	a_comp_cor_98	a_comp_cor_99	a_comp_cor_100	a_comp_cor_101	a_comp_cor_102	a_comp_cor_103	a_comp_cor_104	a_comp_cor_105	a_comp_cor_106	a_comp_cor_107	a_comp_cor_108	a_comp_cor_109	a_comp_cor_110	a_comp_cor_111	a_comp_cor_112	a_comp_cor_113	a_comp_cor_114	a_comp_cor_115	a_comp_cor_116	a_comp_cor_117	a_comp_cor_118	a_comp_cor_119	a_comp_cor_120	a_comp_cor_121	a_comp_cor_122	a_comp_cor_123	a_comp_cor_124	a_comp_cor_125	a_comp_cor_126	a_comp_cor_127	a_comp_cor_128	a_comp_cor_129	a_comp_cor_130	a_comp_cor_131	a_comp_cor_132	a_comp_cor_133	a_comp_cor_134	a_comp_cor_135	a_comp_cor_136	a_comp_cor_137	a_comp_cor_138	a_comp_cor_139	a_comp_cor_140	a_comp_cor_141	a_comp_cor_142	a_comp_cor_143	a_comp_cor_144	a_comp_cor_145	a_comp_cor_146	a_comp_cor_147	a_comp_cor_148	cosine00	cosine01	cosine02	cosine03	cosine04	trans_x	trans_x_derivative1	trans_x_derivative1_power2	trans_x_power2	trans_y	trans_y_derivative1	trans_y_power2	trans_y_derivative1_power2	trans_z	trans_z_derivative1	trans_z_power2	trans_z_derivative1_power2	rot_x	rot_x_derivative1	rot_x_derivative1_power2	rot_x_power2	rot_y	rot_y_derivative1	rot_y_derivative1_power2	rot_y_power2	rot_z	rot_z_derivative1	rot_z_power2	rot_z_derivative1_power2	motion_outlier00	motion_outlier01	motion_outlier02	motion_outlier03	motion_outlier04	motion_outlier05	motion_outlier06	motion_outlier07	motion_outlier08	motion_outlier09	motion_outlier10	motion_outlier11	motion_outlier12	motion_outlier13	motion_outlier14	aroma_motion_01	aroma_motion_02	aroma_motion_03	aroma_motion_04	aroma_motion_05	aroma_motion_06	aroma_motion_07	aroma_motion_08	aroma_motion_09	aroma_motion_10	aroma_motion_11	aroma_motion_12	aroma_motion_13	aroma_motion_14	aroma_motion_16	aroma_motion_18	aroma_motion_21	aroma_motion_22	aroma_motion_25	aroma_motion_27	aroma_motion_29	aroma_motion_30	aroma_motion_32	aroma_motion_36	aroma_motion_37	aroma_motion_40	aroma_motion_43	aroma_motion_45	aroma_motion_46
932.2694358174832	n/a	869126.3009594484	n/a	671.0630129360785	n/a	450325.5673308475	n/a	656.7183612833437	n/a	431279.0060466804	n/a	n/a	n/a	n/a	0.0176335736	-0.021525947799999997	0.197176756	-0.073522511	0.048962040400000004	-0.0035968994	0.006573102700000001	-0.0102071384	0.0032823448	0.3582302208	-0.2929616753	0.3235967884	-0.2469534907	0.054883622699999995	-0.0492731245	0.0042669061	-0.08409403230000001	0.1357165197	-0.020869494	0.1695723222	-0.21626514559999999	0.0691265887	-0.0357501225	0.1577161159	-0.1514920077	0.0548839587	-0.0888395902	0.0349974151	-0.0402923967	0.0030013505	-0.0396078387	0.0602801216	-0.0405212823	0.0640215205	-0.0674079057	0.0406499169	-0.0390121933	0.0766040413	-0.06130837240000001	0.0739351743	-0.008244915799999999	0.0060428138000000005	0.0265271072	-0.1023034555	0.0408950551	-0.14827794449999998	-0.0181459013	0.0203425951	-0.0371564431	0.0233036334	0.0127752575	-0.041446161	-0.0122268032	-0.0177449975	0.0448733155	-0.1133211964	0.0182383306	0.0016287164000000002	0.0082445749	0.053586416500000005	-0.011486874499999999	-0.0154203196	-0.005797939300000001	0.0689038164	0.0561155974	-0.0293931783	-0.052443253499999995	-0.0114259354	0.0085776585	0.08232000889999999	-0.0602025358	-0.0670683597	-0.0030927108	-0.0063621711	0.0871023653	-0.385609218	0.1075477273	-0.4119764232	0.261444258	-0.16996762699999998	0.03202152	-0.014143521499999999	-0.0674659313	0.0312762528	-0.0290228785	0.0450679692	-0.1222034707	0.0207405513	-0.0802987184	0.0729054806	-0.0396188306	0.0455987058	-0.0943108472	0.0186967139	-0.18913329469999998	0.09567231130000001	-0.0390442513	0.028063400099999997	-0.07497279030000001	0.11058537289999999	-0.09729527060000001	0.08767723949999999	2.96021e-05	-0.0631856908	0.0116126875	-0.0418477374	0.0694020176	-0.050410337400000005	0.041620890699999996	-0.1339565838	0.0040583628000000005	-0.06556701849999999	0.010551556200000001	-0.0410954252	0.0029357727000000004	0.0041462899	-0.1185500408	0.0360279723	-0.0840973123	-0.0355552138	0.029206549300000002	-0.0205140727	-0.023941685499999997	0.0194406051	-0.0002869434	-0.1418063487	0.0308211105	0.0439041367	-0.0988117061	-0.1108440673	0.051272873	0.1143314002	-0.11142219269999999	0.024059648500000003	0.0317858524	0.0940569783	-0.0694140234	-0.0356369177	0.0054991262	0.1609960479	-0.0135546148	-0.0333291538	-0.0218721833	0.0695972142	0.0368536795	-0.14769617640000002	-0.082838528	0.0616967828	0.0415252864	0.024267013799999997	-0.05212429650000002	-0.014725862099999999	-0.054547460199999995	-0.021206459700000003	0.09600055689999999	0.0959930115	0.0959804361	0.0959628315	0.0959401986	3.3991e-06	n/a	n/a	1.1553880809999999e-11	0.01283	n/a	0.00016460890000000002	n/a	0.008507769999999998	n/a	7.238215037289996e-05	n/a	-0.000300519	n/a	n/a	9.0311669361e-08	-0.000437214	n/a	n/a	1.91156081796e-07	0.0	n/a	0.0	n/a	0.0	0.0	0.0	0.0	0.0	0.0	0.0	0.0	0.0	0.0	0.0	0.0	0.0	0.0	0.0	-0.2401997908	-1.468487061	1.182058457	-0.1510742109	-0.1111629991	-0.6725036026	-1.036073523	-0.1291777242	0.1247615389	0.4351815156	1.637453916	1.291162001	0.06672928925	-0.3844039082	-1.266057284	-0.02342688379	0.3785323833	2.312137617	-0.1841666935	-1.495153975	0.3905869813	0.7699228597	0.4840229356	3.148080417	1.079293397	-1.400528393	8.533992384	1.65594591	2.802870863
922.2893371226526	-9.980098694830644	850617.6213701419	99.60236995856032	671.5271779149302	0.464164978851727	450948.7506783904	0.2154491275924242	653.9042127527476	-2.8141485305960714	427590.71945579065	7.919431952256027	1.180075	19.636786	0.0747151802	0.0580219667	-0.0019281666	-0.0067800701000000005	-0.0147818495	0.1074021135	-0.0585024692	-0.0168748784	-0.061989675999999994	-0.032081609500000004	0.0865893855	-0.1905863806	0.24915663329999999	-0.0295019485	0.0712467895	0.022381644500000002	0.010248481700000001	0.0512238493	0.102561939	-0.0190679019	0.09394966810000001	-0.037894598599999996	-0.033491342	0.059869877599999996	0.0231312661	-0.0336178055	-0.1484746298	-0.13971739519999998	0.088810896	-0.010506565	-0.0592825549	0.1037603684	0.023608553900000002	0.0471759685	-0.0881098724	-0.0100809849	0.0367692223	0.1034756984	0.0516884709	-0.0082463464	0.0188476504	-0.0158912334	0.0291987889	-0.0127970928	0.1114507839	0.0810127385	-0.0186041399	0.0965850294	-0.0643901623	-0.0546765268	0.0715626166	0.0176211905	-0.08579898039999999	-0.0039664501	0.0129217535	-0.050382661100000004	-0.0545934615	-0.0178820075	0.062278020199999985	-0.007118865899999998	-0.048743206100000006	0.031694593199999996	-0.0725249411	-0.0439277374	-0.0147860969	-0.083891664	-0.0928561618	-0.0103552238	0.0141750618	-0.11685460660000001	-0.09784160130000001	0.042728288499999996	0.1028680177	0.042161522400000005	-0.056342570099999996	0.0331003583	-0.1303044965	0.1244354127	-0.197836405	0.1408080978	0.0155202251	0.0447176442	0.0635352714	0.019652034199999998	0.0241247797	-0.0591222664	-0.0243872631	-0.010273886999999999	-0.1509774049	0.0256770368	-0.0071278625	-0.0781686184	0.0067622625	-0.14885929550000002	-0.0326559144	-0.0549254678	0.1174808623	0.0489204817	-0.10946981539999999	-0.050284337900000003	0.0495595284	0.0138929578	0.0699640059	0.0538698341	-0.0719612676	-0.05736688	0.0872414868	0.0619927065	0.0269904047	-0.010500853700000002	-0.0744337458	0.0006917207000000001	-0.0302320797	-0.162645216	-0.0785274093	0.08563916070000001	-0.0135155428	-0.0454597288	-0.0003723441	0.0708562749	-0.0440221575	-0.0200110153	0.0950717848	0.1105711625	-0.0582453004	0.048636692999999995	-0.0550955567	-0.0276989833	-0.1014797525	0.027733526600000002	-0.0968040856	-0.0044312787	-0.0107530555	-0.04465121	-0.009108155	0.0211814333	0.0464226924	-0.09173340769999999	-0.1368724621	0.1115676173	0.0720787846	0.05731105	0.0203851951	0.0344896858	0.0716825346	0.1272966682	0.05347164980000002	0.1595292219	-0.0195509481	0.0636084958	0.0382876629	0.0269364489	-0.1116513489	-0.0760626079	-0.0242219527	0.0959804361	0.0959125386	0.0957994116	0.0956411086	0.0954377042	1.23493e-05	8.950200000000001e-06	8.010608004000002e-11	1.5250521049000004e-10	0.0598925	0.047062499999999986	0.0035871115562499992	0.0022148789062499995	0.0259715	0.01746373	0.0006745188122499999	0.0003049818655129	-0.000484286	-0.00018376700000000002	3.3770310288999995e-08	2.34532929796e-07	-0.000417381	1.9833000000000025e-05	3.93347889000001e-10	1.74206899161e-07	0.0	0.0	0.0	0.0	0.0	0.0	0.0	0.0	0.0	0.0	0.0	0.0	0.0	0.0	0.0	0.0	0.0	0.0	0.0	-0.1247478084	-1.406359552	0.2641793391	-0.4533565788	-1.364521036	-1.606339652	-0.3557166799	-0.3047933761	1.60334754	-0.5821271092	0.4833004087	0.650562372	1.335879304	-1.286754205	-0.06556643767	-0.1663587806	-0.6286075695	1.425190591	1.039515992	0.2998847322	0.2541345971	0.82304937	0.6938460122	0.9423643722	1.444419226	-1.049372784	3.925288797	0.3902797079	1.323585851
914.5000603031133	-7.789276819539283	836310.3602943978	60.67283337141199	671.813847028182	0.2866691132517189	451333.8450588055	0.08217918049252687	654.1457740741322	0.24156132138455175	427906.69373904564	0.058351871989050716	1.116295	18.575466	0.08193107443	-0.09092801880000001	0.10662527029999999	0.0677992834	-0.0287030379	0.043967192	0.0686401021	0.06264202599999999	0.0553386871	0.09274200449999999	0.046407040999999996	-0.095559151	0.10292855710000001	-0.0546274599	-0.0289253644	-0.04939645980000002	0.0256078562	0.0212106533	-0.0816671154	0.0033017927000000002	0.0904934704	0.0835739603	0.0319801584	-0.055884110599999995	0.0093184654	0.0320872504	0.0326466698	-0.0614058861	-0.0098636587	-0.09720628869999999	-0.0610083478	0.0053975696999999994	0.0792379389	0.044437260199999995	-0.20352985769999998	0.007539478299999998	-0.0549905465	-0.0548523509	-0.053920666500000006	0.08658538810000001	0.0307246934	0.0202460908	0.0035616327	-0.0689685136	0.021867806099999998	-0.057087896299999996	0.08587653560000001	0.0063540842	-0.0170573186	0.0435579543	-0.0188566549	0.0084718916	0.06513314	0.0260006396	-0.049868532	0.0360448987	0.0216099023	-0.0046580807	0.0182720724	-0.0803161445	0.022178082999999998	0.015068987800000001	-0.0362035152	-0.0595885842	-0.0814268717	-0.0192002876	-0.0025697606	-0.0412316411	-0.0562013814	-0.0463010839	0.0961152808	0.1566487044	0.028207374599999998	-0.0613333116	0.1491549171	0.0166656584	-0.0270057575	-0.0136700428	-0.146965969	0.050231337800000005	-0.0086326778	0.0172545524	-0.0750525157	-0.051460410199999994	-0.0302462114	0.0162221047	0.1084134326	-0.0083462264	0.0029705792999999998	0.0096237962	-0.025355382000000003	-0.0009066624000000001	0.097427167	0.0102082201	-0.12172369279999999	-0.059835278600000014	-0.0157303842	0.0671420199	-0.0189691738	0.0199278133	0.09573893050000001	0.0165378863	0.0309153425	0.043635776900000006	-0.0960277484	-0.0072533847	-0.009038116	-0.0516039365	-0.041021553599999996	-0.1106395226	0.0247757932	-0.025297114199999998	-0.0105823927	-0.0255162445	0.0319665461	0.0675904706	-0.029853060499999997	0.0322095239	-0.0774543773	0.08176797599999999	0.060221507199999996	0.0969708393	0.1443899001	-0.0063659442	0.0019297301000000002	0.0005907203	0.0229844736	0.025822734	0.0607919144	-0.0603534476	-0.041816289300000004	-0.0329399043	0.0019742145	0.0723547685	-0.0474896307	0.0088283672	0.0634752269	0.0861450955	-0.10008673439999999	0.0023842517000000002	-0.0031001319	0.0123842684	0.0670163517	0.0511040433	-0.0213238423	0.0300689529	0.098730475	-0.0528983963	-0.013376464199999999	0.0537103686	-0.0289477089	0.0014093929999999999	-0.1271468154	0.1187591354	-0.0681925899	0.0959401986	0.0957516603	0.0954377042	0.0949987415	0.09443534710000001	5.17487e-06	-7.1744300000000015e-06	5.1472445824900005e-11	2.67792795169e-11	0.0161086	-0.0437839	0.00025948699396000004	0.0019170298992099996	0.055355	0.0293835	0.0030641760249999995	0.0008633900722499997	-0.000484286	0.0	0.0	2.34532929796e-07	-0.0003286	8.878099999999996e-05	7.882065960999993e-09	1.0797796000000003e-07	8.634899999999997e-05	8.634899999999997e-05	7.456149800999994e-09	7.456149800999994e-09	0.0	0.0	0.0	0.0	0.0	0.0	0.0	0.0	0.0	0.0	0.0	0.0	0.0	0.0	0.0	-0.3949052208	-1.632440913	-0.344672409	-0.9251585847	-0.2266071624	-0.3606404483	-0.1854231246	-0.1500573115	0.3650625381	0.20599101	0.6409175127	-0.5853517457	-0.8888259762	-1.758855287	-0.6972499105	-1.079816496	-0.513188874	-0.08319913109	-0.6920117309	-0.2643304732	0.715142682	-0.2926317236	-0.07788886621	-0.0259417175	2.68243803	1.421196474	3.113213773	0.07119708393	0.1495601498
911.3064685097416	-3.1935917933716382	830479.4795476969	10.199028542690675	671.1201733021528	-0.6936737260291466	450402.2870131117	0.4811832381831595	654.9066836903336	0.7609096162013884	428902.7643422706	0.5789834440277443	1.186608	19.745493	0.027688530130000003	0.0635740734	-0.027787446099999998	0.1137993756	0.005132435800000001	-0.0786523658	0.0502835237	-0.0459817746	-0.0416649444	-0.0014839407999999998	0.1026362685	0.0112929791	-0.071785383	-0.0271257485	0.0570602253	-0.0600993155	0.0635812023	0.0152670176	-0.0856555017	0.033653225	-0.0399698019	0.034860897099999996	0.0267039095	-0.009110174	-0.091834358	0.0901697792	-0.0272233745	-0.0915993709	0.06845130469999999	-0.0025019245999999998	-0.0006962928999999999	0.0327789964	-0.0788607131	0.0699429447	0.004494625	-0.027765536	0.051297483399999996	-0.0140794021	0.10599790769999999	0.155569224	0.0179182758	-0.0006528784	0.24437951460000001	-0.1261273226	0.0020161994	-0.07937102389999999	0.0710114107	-0.07455883049999999	0.032841768199999996	-0.09985010849999999	-0.0213358641	-0.0601366401	0.1024165299	-0.0442397032	0.096216767	0.07441048	0.0198418383	-0.0442376804	0.1121800811	0.0173901126	-0.1355664812	0.0508609587	-0.028523095699999997	-0.0640108931	0.0557214778	-0.0517473663	-0.0277501717	0.0713861237	0.11053560789999999	0.0453185273	-0.0621558063	0.0414821986	-0.0569973358	-0.0294423691	-0.033463080299999996	-0.025444358700000003	-0.0646340414	-0.1069115005	-0.0351460079	-0.0687694471	0.0044035465	-0.12300697070000001	-0.0400635436	-0.0731484679	0.0188314606	-0.043135706399999994	-0.049539867800000005	-0.0348841722	0.0227819949	-0.0618681348	0.0731024391	0.030059252400000007	0.07802347400000001	-0.0517678029	-0.1486464973	0.0072949845999999985	-0.0328617597	-0.0749299681	-0.0247284557	0.0991744056	0.0061510805	0.0801006395	-0.1051951896	0.0895579551	0.0452422064	-0.0056539386	-0.0099404766	-0.02271399	0.1083369705	0.0074238164	0.0663490103	-0.0482954453	0.0569515119	-0.06181675740000001	0.09433352769999999	-0.13479148259999998	-0.1552241411	0.1032301901	-0.0770689979	-0.14007490949999998	-0.043995203499999996	0.1503668981	0.037077734700000003	-0.0023427518	-0.0317975723	0.0757700742	-0.0354676117	-0.149999243	-0.0241165123	-0.0691630752	-0.0031403738	-0.001787293	-0.0819172101	0.026720718100000002	0.0158741219	0.0028478344	0.0159124383	-0.0423287223	0.0139437859	-0.0054199803	-0.0820863335	-0.1342830035	0.0647892513	0.0900792236	0.0527590664	-0.0445300462	-0.1059747147	0.11735403679999999	-0.0491770956	0.1479761125	-0.012784863	-0.051823078200000004	-0.04654361480000002	0.033898307999999995	-0.016501801899999998	0.09587985289999999	0.09551051140000001	0.0948959959	0.0940378836	0.0929383775	0.0103732	0.010368025130000002	0.00010749594509631155	0.00010760327824000003	0.016109000000000002	4.000000000010939e-07	0.0002594998810000001	1.6000000000087517e-13	0.0438526	-0.011502399999999996	0.00192305052676	0.0001323052057599999	-0.000484286	0.0	0.0	2.34532929796e-07	-0.000417381	-8.878099999999996e-05	7.882065960999993e-09	1.74206899161e-07	5.87759e-05	-2.7573099999999968e-05	3.4546064208099998e-09	7.602758436099982e-10	0.0	0.0	0.0	0.0	0.0	0.0	0.0	0.0	0.0	0.0	0.0	0.0	0.0	0.0	0.0	-0.3017327567	-1.184181828	0.4847251759	-0.5916892728	-1.049076034	-0.2242746202	1.352527658	-0.1419058844	-0.9189150345	-0.2330659305	0.9086338179	0.4928921523	0.3288054941	-1.004356433	-1.143466747	1.106515535	0.1234526975	-0.08120855144	-1.053161859	-0.364886332	-1.778277171	-1.204570239	-0.3028269113	1.766855355	2.38387363	-0.7371109785	0.8875520008	0.8041946246	0.6283781214
911.3541860221088	0.047717512367171366	830566.4523800205	0.0022769609865111525	672.4570015264821	1.336828224329338	452198.4189019872	1.7871097013635306	656.27820498431	1.3715212939764572	430701.0823374281	1.8810706598308549	1.26672	21.078585	0.05039674500000002	0.0380434894	0.0992408559	-0.0129110731	0.0221515985	-0.031691878	0.0561722005	0.0082348938	-0.012312368600000002	-0.0106293403	-0.09092132050000001	-0.06636222559999999	-0.0747772021	0.0015353732	-0.0618376249	-0.0456193296	0.0880340084	-0.0370323054	-0.12360656029999999	0.0277528995	0.076206119	0.0204960992	-0.0354404617	-0.0871257906	-0.2263115613	0.0274924325	-0.0547192003	-0.1136327723	0.0821899542	0.0469378728	0.0866763732	0.029565409700000007	-0.1046138971	-0.0476594928	0.1336399138	-0.0381900422	0.024473512599999997	0.0629548855	-0.0379353176	-0.18951461579999998	-0.060173261799999996	-0.0154616886	0.0263791179	-0.08974862800000001	-0.0248718154	0.0830243738	-0.09953433449999999	-0.0343590721	0.144330323	0.0635565231	-0.086772752	-0.0718554025	-0.0622013073	0.1109121472	0.0179370302	0.041188069300000005	0.1026044253	0.010495293999999999	-0.1293070151	0.0024536669	0.068558254	-0.0332225086	0.08579875810000001	-0.0489712606	-0.1206915467	-0.08234662179999999	0.0998544358	0.0292375808	-0.0395162394	0.0452635637	0.1239907048	0.0675652935	-0.0392144049	0.0708074435	0.030087086800000006	-0.0689769424	0.062259199	-0.0023326189	-0.0532431458	-0.0470944943	0.1065369151	-0.10579865390000001	0.09847438439999999	-0.034699973700000004	-0.03980543	-0.022596612999999998	-0.0347823682	0.1366586377	0.0457757909	0.05658524440000001	0.015187245700000001	0.0137147858	0.060414958399999996	0.0090848875	-0.0640580432	0.0085702716	-0.0412443595	-0.043919522	-0.09653006089999999	0.1640868523	-0.0845037626	-0.1253307081	-0.1365175089	0.08714397410000001	0.0515287508	-0.152606756	0.0169641266	0.029612122400000006	0.048479512	0.1010556277	0.0034729532	-0.0481096037	0.016953920900000002	0.1175544733	-0.0879029024	0.014048845	-0.0936121903	-0.1665403203	-0.0254754369	0.0348499671	-0.0464989663	-0.0109524647	-0.0883255801	-0.063665351	-0.1173084126	0.0093529211	0.029704682200000002	-0.038246923599999996	0.050897229	0.0772657823	0.0159037418	0.0774386456	0.033072207	-0.013951661499999999	-0.0273921115	0.0417028902	-0.0288973269	0.1496650219	0.1710012252	0.011872850700000001	0.0893758601	0.0047898142	-0.0523441197	-0.0495878316	0.068859428	-0.0235639727	0.0361712518	-0.1280864702	-0.0841838499	-0.09821796710000001	0.17178369129999999	0.07418481240000001	-0.0804799226	-0.0055006226	-0.0356102938	0.0957994116	0.0951892942	0.0941753084	0.0927617564	0.09095463570000001	0.012024000000000005	0.0016508000000000046	2.7251406400000144e-06	0.00014457657600000013	0.0161091	9.999999999940613e-08	0.00025950310281000005	9.999999999881224e-15	0.0470876	0.0032350000000000018	0.00221724207376	1.0465225000000013e-05	-0.00107671	-0.000592424	3.509661957760001e-07	1.1593044241e-06	-0.000158364	0.00025901699999999995	6.708980628899998e-08	2.5079156496e-08	0.0	-5.87759e-05	0.0	3.4546064208099998e-09	0.0	0.0	0.0	0.0	0.0	0.0	0.0	0.0	0.0	0.0	0.0	0.0	0.0	0.0	0.0	-0.526574875	-1.180734179	0.1795801984	-0.2794853324	-0.3165787493	-0.9454741556	1.5816474	-0.2098278678	1.124381759	0.4432372177	-0.467620009	-0.5525738348	-1.539020741	-0.5550134089	-0.8927909117	-0.2883841167	0.8055444942	-0.5554483923	1.168162802	1.105572275	-0.9164855762	-2.142691337	-0.1044788437	-0.393637094	2.061327362	-0.6309708272	1.171393961	2.239586663	-0.1031742785
912.6546710878592	1.300485065750422	832938.5486584886	1.6912614062398796	671.9077705518694	-0.5492309746127829	451460.05212798354	0.3016546634741075	655.762781697678	-0.5154232866320854	430024.8258598764	0.26566116440262083	1.116724	18.582603	0.0858063423	-0.0358213888	-0.06055366070000001	0.0629101573	-0.0091326128	0.0733843208	-0.0069283847	-0.0141953748	-0.0139884695	0.0602270063	-0.0008546047	0.0153813975	-0.1069815185	-0.0164838068	0.004865080999999999	0.0432640338	0.08522006789999999	0.013628318600000001	0.0635729423	-0.0554088605	0.10366972630000001	0.1277234721	-0.013357325	0.0051075084	-0.0335117826	0.0665851141	0.0057380803	-0.03734058	-0.0045507805	-0.0630242679	0.0281111194	0.057861785199999995	-0.045598429100000004	-0.0527652357	-0.0721609233	0.0212793169	0.0010905692999999999	0.09673183199999999	0.0878018599	0.10540254800000001	0.0084503239	-0.062460529800000004	-0.0195731922	0.0819771598	0.015694101499999998	-0.0195667649	-0.0976007503	0.1558201209	-0.0087889037	0.043923217199999996	-0.0983307305	-0.0278290183	-0.0560013824	0.0077884283	-0.014348373300000003	0.0011521964	-0.014365881200000001	0.10032597689999999	-0.0561802666	0.0524566236	-0.0588708938	0.0821311813	0.0025655633	0.1451919753	0.0306924232	0.010693333700000002	0.0103041315	0.1015023835	-0.034583248500000004	0.0327210654	-0.10469698720000001	0.0079020859	0.0441187199	-0.0137780202	0.008632045500000001	0.0489624927	0.0024260262	-0.08724962060000001	0.0169320748	-0.079484542	0.0022611287	0.0010874202	0.1236834924	0.0063280515	0.0121793501	-0.043848798099999996	0.0306616179	0.0168137556	0.0483736207	-0.0053639073	0.0718092947	-0.0293882008	0.0343705219	0.0068619987	0.0774610328	0.0567214646	-0.0071614938	0.1797502979	-0.0099972367	-0.0250577818	0.0704651616	-0.019013318799999998	-0.018610056	0.0774038214	0.039266629	-0.061829447	0.0259118719	-0.0710536437	-0.006382952900000001	-0.0184465589	-0.0760096339	-0.0328470128	-0.0172655824	0.0544171196	-0.0055921003000000006	0.0847750853	0.074092325	0.047896887400000004	0.0960309219	-0.038975505699999996	-0.031774270800000004	0.0452083486	-0.0062614433	0.0702709011	-0.0737716879	0.1052131008	0.012704031200000002	-0.0849130468	0.09017019720000001	0.1535107428	0.0598126448	-0.0512532566	0.060878262999999995	-0.0293255052	0.049260530700000006	0.0147214253	0.071074732	-0.0747599872	0.0939635775	-0.0313135639	-0.0635342714	-0.0868391816	-0.06814377690000001	0.006150141800000001	-0.0425946337	-0.053658600199999996	0.0815213994	0.1225073852	-0.0625276041	-0.034978921499999996	0.0620264238	0.0233600329	0.0074719094999999985	0.015371708999999999	0.0201643834	0.0956988917	0.09478827779999999	0.09327700109999999	0.0911746382	0.0884945117	1.30577e-05	-0.012010942300000006	0.00014426273493392942	1.7050352929e-10	0.0242945	0.008185399999999999	0.0005902227302500001	6.700077315999999e-05	0.0174242	-0.029663400000000003	0.00030360274564000003	0.00087991729956	-0.000823643	0.00025306700000000005	6.404290648900004e-08	6.78387791449e-07	-0.000517029	-0.000358665	1.28640582225e-07	2.6731898684099997e-07	0.0001072	0.0001072	1.1491840000000002e-08	1.1491840000000002e-08	0.0	0.0	0.0	0.0	0.0	0.0	0.0	0.0	0.0	0.0	0.0	0.0	0.0	0.0	0.0	-0.3464437017	-0.9660914381	0.4245984666	0.0943434607	-0.6582923121	-0.6916279951	2.189410257	-0.2033937704	-0.5393193236	-0.8716110606	0.5140843342	0.3414415085	-0.9561849185	-1.21239025	-1.247386483	0.8943165568	-0.07488299729	-0.1521174964	0.04904680132	0.5227765652	1.009847101	-0.6873545246	-0.4329801761	0.8652996495	1.638595824	-0.9340678466	-0.2975684525	0.3116432339	1.192437345
913.7255796241514	1.0709085362921087	834894.4348594913	1.1468450931033067	672.3950550437768	0.4872844919074169	452115.1100473236	0.2374461760534694	655.7580863384038	-0.004695359274137445	430018.66779820545	2.2046398713228515e-05	1.022789	17.019499	0.0381207013	0.028160829100000007	0.027348853	-0.0437574741	0.0204153554	-0.0332483546	-0.0089311779	0.028950152799999997	0.028761385299999997	-0.0546216851	-0.0290990831	0.0054732689	-0.0154962872	0.1563017793	-0.0052726071999999995	0.026415755099999997	0.0717048975	-0.0364707648	0.0366374327	-0.0676213251	-0.07899532969999999	0.06187060780000001	-0.04352449940000001	0.0605311933	-0.0014420156	0.0083152266	0.0059757938	0.019153183	0.016758365600000002	-0.0355802798	-0.1075102687	0.0843240306	-0.09810814960000001	0.0628012259	-0.0875642844	-0.0013631913	-0.0024290267	0.0126888637	0.046345616	0.09006323529999999	0.0330729717	0.0240582196	0.0717742297	-0.016394626000000002	0.043851855	-0.0838391335	0.0115191918	-0.0346942183	0.0659562227	0.0208471681	-0.0248131995	0.07510607030000001	-0.015388509199999999	-0.0028840704	0.107997645	0.0737656447	0.0770929659	0.0072098556000000005	-0.057898368799999995	0.0107441281	-0.023963353399999998	0.0295046296	0.0600911917	-0.0225435269	-0.0737398634	0.0264523504	0.1680740324	-0.011373366599999999	0.0727081936	0.0110766697	-0.1564409314	0.0022686151	-0.0703325421	0.0253726062	0.0006780608	-0.0273476519	0.04470415	0.054273487	0.0268448279	-0.0349001655	0.09465597199999999	-0.056408951299999996	0.11038852810000001	0.0206660519	-0.027121816200000003	0.061550596799999996	-0.0555444319	-0.0522277984	-0.09291230019999999	0.0967177086	0.027033733100000002	0.070627574	0.0461309213	0.016056793899999998	0.0756379212	0.029384121000000006	0.0651072332	0.053459365	0.0201431703	0.042926764299999996	-0.024103743799999997	0.08183535759999999	0.0143943392	0.0117263578	-0.054083560700000005	-0.0489205553	-0.0020449542	-0.0593166484	0.04235444519999999	-0.024300716200000003	0.04844672059999999	-0.0578856416	-0.007248731899999999	-0.036320317000000005	0.0866773764	-0.0102128171	0.0054302851000000004	0.0826904777	-0.0140590578	-0.1049987356	-0.0258529491	0.09926962800000001	0.08110705259999999	0.0719888684	-0.0951799683	-0.06449991599999999	0.0271018566	-0.038843540499999996	0.0418055101	0.08396592369999999	0.0851169158	0.0652928037	0.0228712612	0.012998978000000001	0.10343762109999999	0.011222911100000002	-0.0832606971	0.0468987412	0.11177554890000001	0.073363898	-0.0314640134	-0.0488813424	-0.0670184905	0.0369450603	0.0437077	-0.013441309299999999	0.027446975800000002	0.030424755499999998	-0.0207775427	-0.012802991299999998	-0.0015381360999999999	-0.0079729958	0.1785699487	-0.0807625664	0.0167345371	0.0955783141	0.09430779859999999	0.09220276820000001	0.0892818499	0.0855708907	1.4859e-05	1.8013000000000009e-06	3.244681690000003e-12	2.2078988100000005e-10	0.0289745	0.00468	0.00083952165025	2.19024e-05	0.0216117	0.0041875	0.00046706557689	1.7535156250000007e-05	-0.00105686	-0.000233217	5.4390169088999985e-08	1.1169530596e-06	-0.000227876	0.000289153	8.3609457409e-08	5.192747137599999e-08	0.000169858	6.2658e-05	2.8851740163999997e-08	3.926024963999999e-09	0.0	0.0	0.0	0.0	0.0	0.0	0.0	0.0	0.0	0.0	0.0	0.0	0.0	0.0	0.0	-0.2728276899	-0.9492544379	-0.1395984722	-0.6454164493	-0.416261433	-0.7579477899	1.719193804	-0.2962123734	0.8914118167	-0.5089870892	-0.6828341678	-1.309484607	-1.399575494	-0.162829937	-0.7607273319	-0.9849175138	-1.358890938	-0.3686131652	1.38987894	-0.004321102452	0.3978673825	-0.5275598739	0.8151798622	1.034555028	1.181714719	-0.1879248768	-0.485341896	-1.011766214	0.2320897477
913.1563632411846	-0.5692163829667152	833854.5437278664	0.32400729063771017	671.7344826143137	-0.6605724294630589	451227.21513311967	0.4363559345667281	656.5207621604267	0.7626758220228567	431019.5111477075	0.5816744094982401	1.067895	17.770086	0.056140919099999985	-0.0952803949	0.013747291399999998	0.0809078287	0.039821977599999996	0.0776835743	0.0838216512	0.039991593799999996	0.0625748429	0.052876680999999995	0.0387167276	0.0163462528	-0.12390274	0.0014705641	-0.0582505066	0.0405267024	0.0154335249	0.0683341597	-0.007280678299999998	-0.0172161653	0.0386145104	0.0193036173	0.0035079646000000003	0.04433591059999999	0.057826586	-0.0613015984	-3.78684e-05	0.024592394500000003	0.0026559496	0.0433428913	-0.1359990584	-0.0595617414	0.0570298236	0.0930950317	-0.0494185938	0.042090299299999995	-0.0047710727	-0.015998261	-0.059241326399999995	-0.0047767164	0.0973465709	-0.0098327977	-0.021759928300000002	-0.0694384847	-0.0472685538	-0.0399300433	-0.0472818183	0.1008282725	-0.0304119839	0.1105038644	0.0104312325	0.0669301747	-0.0185315068	-0.10764446230000001	-0.1529743515	-0.0189262859	-0.0405360188	-0.0663814263	0.0124356303	0.0354694303	0.0646948124	0.0003364643	0.10117951	0.0663370375	-0.0785782285	-0.0517548345	-0.0212484776	-0.013371496200000001	0.08421719050000001	0.1106694408	0.0013997307	-0.0829457709	0.0649192896	0.1177850853	0.0989187159	-0.0029626019	-0.020319419	-0.0791081513	0.030890647400000002	-0.10968167050000001	-0.0120897773	0.0591452216	0.0406350142	-0.0664856752	-0.0268262577	0.0569786037	0.0789977748	-0.0308004829	0.08288840089999999	0.036608467799999996	0.0669400478	0.0582923375	-0.0090762834	-0.0021038251	0.0574064655	0.0835055376	-0.0700988426	0.0417631682	0.039706346600000005	-0.0153849153	-0.027596215299999997	-0.0026708538	0.0150968379	-0.0397749533	-0.10781508890000001	0.0791313459	-0.0036603372999999997	0.1010248831	0.0126838797	-0.0430313414	0.0139697648	-0.0412592483	0.0738539762	-0.008188151500000001	-0.0294806657	0.0757532546	0.0878389333	0.0452918475	0.0343277419	0.061346156	0.0590911758	0.0453510378	0.07492852009999999	0.041898693	0.065884916	0.0525962755	-0.1055616032	0.0264685356	-0.0052516787	-0.0504991026	-0.11168325330000001	-0.0994092325	0.0002929904	-0.009867338	-0.0823590634	0.062307981	-0.029932026	0.0056024201	0.0431942985	-0.0707969629	0.17508751079999998	0.0033530877	-0.028980742599999998	-0.0169389933	0.022028876699999998	0.044265842400000005	-0.0666646458	-0.0173403605	0.0043693063	0.054825051	-0.0385267151	0.023423841	0.0777588798	0.0332976544	-0.0906990162	0.0954377042	0.0937482592	0.09095463570000001	0.08708973730000001	0.0821990853	1.31199e-05	-1.7391000000000015e-06	3.0244688100000054e-12	1.7213177601000001e-10	-0.00122618	-0.03020068	1.5035173924000004e-06	0.0009120810724624	0.0410107	0.019399	0.0016818775144899995	0.00037632120099999984	-0.00112054	-6.367999999999999e-05	4.055142399999998e-09	1.2556098916e-06	-0.000227876	0.0	0.0	5.192747137599999e-08	0.000236968	6.711e-05	5.6153833024e-08	4.5037521e-09	0.0	0.0	0.0	0.0	0.0	0.0	0.0	0.0	0.0	0.0	0.0	0.0	0.0	0.0	0.0	-0.4645147345	-1.011298658	0.08904082623	0.2428966285	-0.2284904155	0.2350084147	1.808344492	-0.3067505509	-0.2105657501	-0.1246221574	0.1397838975	0.05795253342	-1.978003855	-1.557833637	-1.824170135	-0.309007442	-0.1222017188	-0.5447530495	0.6014321934	-1.073714511	1.815727339	-1.398688675	-0.3212559119	1.386302652	1.887390818	1.603322142	-0.5310089351	-0.6025669051	0.6712334636
913.4831009346968	0.32673769351220017	834451.3756932695	0.10675752036167244	673.0036065612655	1.2691239469518223	452933.8544444707	1.610675592726572	656.5276182372063	0.006856076779627074	431028.5135082189	4.7005788808141555e-05	1.301902	21.664028	0.0237789503	0.1066742841	-0.0123687414	-0.0189716676	0.0649884426	0.08661406220000001	-0.0148247107	-0.0165732331	-0.0604834229	-0.1234164613	-0.0475029664	-0.0288892215	-0.0891099372	0.0741458456	-0.05629874400000001	0.08908508820000001	0.0459197231	0.1406532184	0.0571515033	0.0983751731	-0.0261902851	-0.037147675899999996	-0.035909998	0.030720459900000007	0.0629134236	0.1517225883	0.0046744021	0.0089562179	0.1421826211	0.22355571920000009	-0.1664082205	0.057639328499999996	0.08902753960000001	-0.17995139640000002	-0.022725996000000002	0.0058877884999999994	0.056447966900000014	-0.0971688974	-0.0786517222	0.0158887404	0.0360959306	0.143236919	-0.082610018	-0.013687422900000001	0.0442015246	0.0168206433	-0.0348232324	-0.0287584498	-0.0893016318	0.0489445757	-0.0143389964	-0.0267116934	0.0164958033	-0.0226678735	0.051948685599999996	-0.0037581694	-0.11792494220000001	-0.0085120243	-0.0055105911	0.0892296967	-0.004597645	-0.043561943	-0.0607381991	-0.0018856322	-0.0540300667	-0.0002891161	0.0813394888	0.0202391469	-0.0693103622	-0.0361326395	0.0782756567	-0.0387312753	-0.050424335199999996	0.004511131	-0.0972065671	-0.0669816545	0.0046679904	-0.0103855654	0.041357569500000003	-0.045237912000000005	0.0803299249	0.0760422938	0.0205379733	0.0271673283	-0.0228574325	0.001999373	-0.1419416609	0.04898508	-0.0162776579	0.1199017082	0.0574606275	0.0255525212	-0.073571366	-0.1589212035	0.0954742217	0.0207838379	-0.1555604146	0.0003365821	-0.013573625700000001	-0.1172133199	-0.044652006900000006	0.053162596900000005	-0.1883216332	-0.1834114253	-0.0069230973	-0.1025836422	0.10669671900000001	0.06997235809999999	-0.0784027805	-0.0274910462	0.09476134	0.03987852	-0.0699438723	-0.091479318	0.1262675482	0.0268690105	0.0925307508	-0.1021023262	0.026782987299999998	0.0899744482	0.0764763589	0.1058844297	-0.037629409100000004	0.10536428910000001	0.1248148713	0.018512446999999998	0.1085941717	0.0481039141	-0.036666139300000004	0.0375160005	0.0785818658	-0.039005776400000004	-0.0405768871	0.032857476600000005	-0.0681808398	0.06262242309999999	0.0145533299	0.0257214788	-0.0699979082	-0.044353850800000004	0.0401649145	-0.0402025483	0.0110990258	-0.011747528600000001	-0.0144121626	-0.0833569527	0.0222173258	-0.0057076013	0.0213290932	0.0557269351	0.0075357281999999986	-0.0516874186	-0.0151824161	-0.0326764253	0.0488048625	0.0952770913	0.09311012869999999	0.0895349577	0.08460564949999999	0.0783967557	1.37402e-05	6.202999999999998e-07	3.8477208999999975e-13	1.8879309604e-10	0.0119116	0.01313778	0.00014188621455999998	0.0001726012633284	0.0410087	-1.9999999999950613e-06	0.0016817134756900002	3.999999999980245e-12	-0.000932876	0.00018766399999999996	3.5217776895999974e-08	8.70257631376e-07	-0.000227876	0.0	0.0	5.192747137599999e-08	0.000262075	2.5107000000000016e-05	6.8683305625e-08	6.303614490000008e-10	0.0	0.0	0.0	0.0	0.0	0.0	0.0	0.0	0.0	0.0	0.0	0.0	0.0	0.0	0.0	-0.4985644496	-0.9875621533	0.4621935161	-0.8597052428	-0.04598985848	-0.3558351279	2.392082424	-0.3082652563	0.3366997964	-0.9942152317	0.6119263014	-1.582608869	1.355658043	0.435701507	-0.597171877	0.5475905659	-0.01340918571	0.6105975515	0.7030885475	0.1154319036	0.3953876205	-1.437263729	-0.5545511974	0.6282579472	1.421697465	-0.6687673049	-0.6046101117	0.6449285889	1.818251384
915.746888766974	2.2637878322772167	838592.3642863927	5.12473534956638	673.5196719961359	0.5160654348703702	453628.7485657825	0.26632353306794426	655.9101648459538	-0.6174533912525249	430218.14434824634	0.3812486903692435	1.318508	21.940344	0.0187225114	-0.08796371130000001	0.0651408611	-0.0660771766	0.023433752000000002	-0.0800632319	-0.0264934097	0.10617427730000001	0.050845542800000004	0.00311031	-0.0790739768	-0.0012483972000000001	-0.0331019869	0.0036829747999999997	-0.0496460794	-0.0026970669	0.0397698837	0.0170362696	-0.09986784470000001	-0.054474634400000006	-0.0690140204	-0.1023022298	0.0874751126	-0.0038912737	-0.0045607067	0.1677663237	0.017018163200000002	-0.0517770644	-0.1020813167	-0.0054741804000000005	-0.11072856730000001	0.0063604008	-0.0208025063	-0.0452478641	-0.0230097904	0.0229093424	0.06436337	-0.0186899366	-0.1378257948	-0.0725583559	0.0182112722	0.131872966	-0.0872992061	0.040224560699999995	-0.037413837900000003	0.0455463697	-0.0077626664	0.0480625721	0.0375217659	-0.0913019188	-0.057519090099999996	-0.0721105617	0.06232116	-0.039906295099999996	-0.013983006899999999	0.016953143	0.1153859114	0.268693436	-0.0206916243	0.0154597829	0.0648286309	0.0084335581	-0.0213792671	-0.0928682003	0.032606019300000004	0.0119861254	0.0697631221	0.012327828899999999	-0.004732502800000001	-0.0859282269	-0.0816581887	-0.0459852676	0.0024031767999999998	-0.0052304144	0.0833294665	0.0050730728	0.0356719297	0.0532565379	0.055614581399999995	-0.0004490189	0.0362609504	0.0064858432	-0.0678988339	0.0743540068	-0.07570983490000001	0.0587064808	0.0655943847	0.0446798413	0.012999826499999999	0.0619143071	-0.0176272611	0.0305475338	0.1138541821	0.032987302999999996	-0.0190202114	0.060200859100000004	-0.028009679300000003	-0.1918861898	0.0008065428999999999	-0.0599120849	0.1219409173	0.0200242013	-0.0634250408	-0.0056230812	-0.1203645923	-0.0626654552	0.0503947515	-0.0144789428	-0.052402035300000004	0.12151491800000001	-0.0013129259	0.0063397888	-0.0295773868	-0.046972450199999995	-0.026624081299999998	0.1319169955	0.048717096200000004	-0.0378871803	0.027615688399999998	0.047493493899999996	0.0587922059	0.1221661831	-0.0346211761	-0.0978829925	-0.055714529000000006	-0.031862905899999995	0.1283035916	0.029353063	0.0375555245	0.0423482466	0.0509111763	-0.0163197821	0.16718600320000002	0.0098797239	0.015235788200000001	-0.12055776189999999	-0.0841735835	0.0035567262	0.043413784500000004	0.0688902231	-0.0662917757	-0.0403178817	0.053173114900000006	-0.0549467014	-0.0060378613	0.040153352999999996	-0.0360745925	-0.0366897837	-0.0077604038	-0.097909552	-0.0783950623	-0.059047553600000004	-0.013841704299999999	-0.0958557683	-0.027008633799999997	0.09509650929999999	0.09239394210000001	0.0879464117	0.0818379147	0.0741838168	2.15516e-05	7.8114e-06	6.101796995999999e-11	4.6447146256e-10	0.0101194	-0.0017921999999999988	0.00010240225636	3.211980839999996e-06	0.0410047	-4.000000000004e-06	0.0016813854220899998	1.6000000000032004e-11	-0.00106445	-0.00013157399999999994	1.7311717475999994e-08	1.1330538025e-06	-0.000388562	-0.00016068599999999995	2.5819990595999992e-08	1.5098042784399994e-07	0.000215965	-4.611e-05	4.6640881225e-08	2.1261321e-09	0.0	0.0	0.0	0.0	0.0	0.0	0.0	0.0	0.0	0.0	0.0	0.0	0.0	0.0	0.0	-0.4236514785	-1.163094012	-0.2512734119	0.1718388254	-0.8976966685	-0.4735863729	2.226664568	-0.398733206	-0.7529162156	-1.000625883	-0.6617986429	0.05187621604	-0.4297001947	-1.138254792	-0.5258975763	-2.501511085	-1.042020711	0.2357557618	0.705265854	0.01055014453	1.103389025	0.8449760595	0.4664034497	-0.0665730244	1.831824403	1.212226401	-0.794892007	0.5942860148	1.247792266
918.4457222208957	2.6988334539216794	843542.5446658628	7.283702012006821	673.7558780944377	0.23620609830175002	453946.9832668068	0.05579332087493598	656.4677056059155	0.5575407599617392	430949.848503495	0.3108516990187137	1.332575	22.174431	0.0641918584	0.0111787525	-0.0796543772	0.0194282086	0.0347668895	-0.157587646	-0.0705062347	0.0711935399	-0.049867912800000004	-0.0831038478	0.0934449075	0.040258376299999996	-0.0379514108	0.0257758988	0.0067119539	-0.0433474633	-0.030986915	-0.30951785940000004	-0.24685315260000001	-0.1705051626	-0.0775565332	0.17867954989999998	0.13009603039999998	0.0165408134	0.061475761500000004	-0.0780626763	0.0561809345	0.1402236251	0.1138209187	0.03042729	-0.0808749525	0.0668544121	-0.039445404100000005	-0.0992468038	-0.0374501036	-0.1214739581	0.1654975823	0.0038504234	-0.0749533287	-0.1353897299	-0.1118849683	0.0146583264	-0.0406709946	-0.0198594583	-0.0462946576	0.0164333537	0.0958868551	-0.0322642739	-0.07453151570000001	-0.0158219542	0.0730596907	-0.0348365832	-0.0143355503	-0.037571542400000005	-0.20770737449999999	0.0911705179	0.0591241421	-0.1340892554	0.0775283682	-0.0725719143	-0.030894108599999998	0.016235914	-0.0243658859	-0.016693111899999998	0.10490117939999999	0.034717396	-0.0069936684	-0.071229273	-0.0805106767	-0.0409260408	0.0526322653	-0.0752758521	-0.04330597519999999	0.043759649000000005	-0.0597395267	0.0504867476	-0.0757019102	-0.0031671399	0.0512260918	0.0387453096	0.04312838980000002	-0.0582900873	-0.0410289016	0.08617983259999999	-0.07541776389999999	0.0393388256	-0.12224356380000001	-0.1304101442	0.0642325668	-0.0580761921	0.06559226950000001	0.0381154071	0.1580317678	0.2846023146	-0.1695781279	0.030142527000000002	0.093339646	0.0200707966	0.1464097472	0.1164493266	-0.0186580453	0.1486607918	0.0367938104	-0.1784989885	0.0645785286	-0.1280785909	0.0986175312	-0.0036748689000000003	-0.0504666929	0.0847160599	0.0003253071	0.039388713	-0.0267407043	-0.0439505771	0.0332519825	-0.0199104841	-0.0733064277	0.08494659140000001	-0.0120797956	0.1356584255	0.0052406258	-0.1314889431	-0.0411964518	0.0034277712	-0.0275709427	0.0623529137	-0.10087424880000001	0.1592531454	-0.0725256259	0.0076725458	-0.1097843199	-0.0300235418	-0.0893542958	0.1774251986	0.026290933399999997	-0.005347675400000001	0.0651112163	0.0019250998	-0.0330097746	-0.1364309286	-0.0123399124	0.0656165558	0.028865122200000006	0.0249783519	-0.0492033343	-0.058952409500000004	-0.0513628226	-0.0786309112	0.0395203617	0.0229827625	0.0167935754	-0.037129254199999996	0.0372205679	-0.1328970424	0.0217620947	0.0948959959	0.0916002999	0.08619199400000001	0.0787958119	0.0695823342	0.00968248	0.0096609284	9.333353754992658e-05	9.37504189504e-05	-0.0012410800000000005	-0.01136048	1.5402795664000012e-06	0.0001290605058304	0.0530346	0.012029900000000005	0.0028126687971600003	0.00014471849401000007	-0.00133089	-0.00026643999999999995	7.099027359999997e-08	1.7712681920999996e-06	-0.00057976	-0.00019119800000000006	3.655667520400002e-08	3.361216576e-07	0.0003811380000000001	0.00016517300000000004	1.4526617504400005e-07	2.728211992900001e-08	0.0	0.0	0.0	0.0	0.0	0.0	0.0	0.0	0.0	0.0	0.0	0.0	0.0	0.0	0.0	-0.5558726589	-0.8644056856	-0.1029700603	-1.374390591	0.6449743406	0.1450010424	2.140694349	-0.3421173087	-0.7360155818	-0.897586676	-0.009672348981	-1.197305595	-0.1388821829	1.43769381	-2.013254283	-0.03124055136	-0.3022752311	0.9489804792	-0.4369117954	-0.8672686384	-0.1782782069	3.378305386	1.23022237	1.597822273	2.03870679	0.952427786	-1.886146595	-0.7236449749	0.6231592325
909.3676044618612	-9.078117759034512	826949.440044704	82.4122220468978	671.8351918234932	-1.9206862709444292	451362.52497250994	3.6890357513944174	655.4559488017583	-1.011756804157244	429622.5008196132	1.02365183075848	1.3662530000000002	22.73484	0.04929280010000001	0.0346184101	0.1198987186	-0.0233104876	-0.0432162715	-0.033528058900000005	0.11737372019999999	0.003312535	0.0194124891	-0.0327460606	-0.1111583508	0.0137588123	-0.048919234000000006	-0.0248929657	-0.0069050566	0.0219850482	0.12044727	-0.0485796025	-0.0778428161	0.0622698448	-0.0277099072	0.0150194028	0.09599617869999999	0.0135572377	0.001817725	-0.0087984952	-0.053293378499999995	0.0147946625	0.10975887	-0.17884550940000002	-0.034388587000000005	0.0217464496	-0.0044836779	-0.0163954264	0.0778470769	-0.0088524888	0.0945518449	0.0299244746	0.0793924866	-0.0132723043	0.0218893496	-0.0511444504	-0.0845753968	0.053274244500000005	-0.036165042	-0.0600718989	-0.0727912613	-0.0703451371	-0.0082838591	0.0416532349	-0.10624045650000001	-0.0106343029	0.0737523168	-0.0750684821	0.0313252032	-0.042018214400000004	-0.0190980434	0.0124616085	0.0141887776	-0.1653142691	0.0230395535	-0.0115205925	-0.0291178904	0.1222348448	0.09402140949999999	-0.0456912161	0.08094881570000001	-0.032158359500000004	0.06315204740000001	-0.012176278899999999	-0.1381730199	-0.004813567800000001	0.0246845796	0.0128284012	0.04049921	-0.1284727678	0.10481557300000001	-0.021754608199999997	0.0645393583	0.0164489572	-0.004465788300000001	-0.0507995785	0.0168320833	-0.09418044910000001	-0.0372143833	0.0397959514	-0.0170011202	0.0976587807	0.0318272339	0.027695480800000002	0.05776168230000001	-0.003041551	0.1161926374	0.0411310681	0.0101197152	-0.0410853646	-0.07229166	-0.029485400499999998	0.0432411406	0.12226625320000001	0.0705657529	0.0335888087	-8.227540000000001e-05	0.0541459122	0.08665344009999999	0.0319136777	0.1015814641	0.0070318756	-0.053172152	0.10162921779999999	-0.01127169	-0.007680092199999999	-0.0650739696	0.0244173138	0.0104367632	0.038574215099999996	0.0669846809	0.0114196392	0.0401992312	-0.0738262142	-0.0020388456	-0.0078999728	-0.1254331813	0.0720534571	0.014966153400000001	0.010261969899999999	-0.09341905019999999	-0.0802057524	0.0346000348	-0.064097154	-0.1013689014	0.0322802841	0.1041881918	-0.0201576726	0.0685743386	-0.0880373843	0.0306443177	-0.0130663316	-0.046811593	0.014605223799999999	-0.0510283021	0.0146851348	-0.0378712826	0.05808383650000001	-0.0090168541	0.06340931309999999	0.0071469844	0.001086419	-0.028281450299999997	-0.1152801919	-0.0060112836	0.10319137490000001	0.0999470643	-0.0910959434	0.1284260542	0.09467559310000001	0.09072986720000001	0.0842750133	0.0754895399	0.0646164087	1.89599e-05	-0.0096635201	9.3383620723104e-05	3.594778080100001e-10	-0.00121965	2.1430000000000447e-05	1.4875461225e-06	4.592449000000193e-10	0.041002099999999986	-0.012032500000000008	0.0016811722044099994	0.0001447810562500002	-0.00112054	0.00021035	4.4247122499999993e-08	1.2556098916e-06	-0.000375102	0.00020465800000000006	4.188489696400002e-08	1.40701510404e-07	0.0005176369999999999	0.00013649899999999991	2.67948063769e-07	1.863197700099997e-08	0.0	0.0	0.0	0.0	0.0	0.0	0.0	0.0	0.0	0.0	0.0	0.0	0.0	0.0	0.0	-0.4660632292	-0.8510869552	0.6738843208	0.8571063217	-0.9484524733	-0.02622209409	1.768858706	-0.3449157267	-0.00332938414	-0.33308984	0.2318856642	0.07944776224	-0.9283931351	0.5727754297	-2.253450654	-1.224228902	-0.009125537996	-0.602136504	2.463165133	-0.9010080754	-0.3523681448	-1.271269883	-0.04980949255	-0.2422603598	1.399334393	1.251857304	-0.1153205361	0.7945390952	1.141671995
913.605217977383	4.23761351552173	834674.4943155014	17.957368306932434	672.3982270506042	0.5630352271109587	452119.3757407959	0.3170086669678888	654.3849846038313	-1.070964197926969	428219.70807495655	1.146964313241356	1.402292	23.334534	0.04768944990000002	-0.041144552200000004	-0.0950683872	0.0225304915	-0.046677141500000005	0.0502723453	-0.044978197000000004	0.028125506	-0.0474033245	0.043992350300000004	-0.0064167459	0.031307487	-0.09841773570000001	0.0059410037	-0.0046777071	0.1166237165	0.0646716145	0.0236158904	0.0339889171	0.0571180584	-0.12303762130000001	0.054278878899999994	0.005702596	0.1543900004	-0.0090761956	0.0061141313	0.0635465412	-0.1091989645	0.0429457313	-0.251231518	-0.0472988186	-0.0099148871	-0.099425165	-0.12297442800000001	-0.09705741970000001	-0.0321924581	-0.100449	-0.0638600317	-0.0183220901	-0.0008999553	-0.0119252524	0.0432372336	-0.0345343094	0.0229534237	-0.0057228048	-0.009303876800000001	0.0670695095	-0.0137244369	0.0689931021	0.0413469201	-0.0566503136	-0.0542555997	-0.012253221699999999	0.0721429533	-0.10614579210000001	-0.060717363499999996	-0.066957774	0.012754551499999999	0.0802859658	0.0891165352	0.0521643714	-0.0248542984	0.08440999869999999	-0.095617613	-0.0588354971	0.0005226869	-0.0547088509	-0.0899649887	-0.024205542400000002	-0.0355466028	0.1118438551	0.0810835662	0.020042438	-0.1184908866	-0.0270654312	0.059985497	0.0064891958	-0.0618594936	0.10049542	-0.0089652876	-0.015766514199999998	0.021533899199999998	0.08995894289999999	0.0465742825	-0.0365540203	-0.05057028	0.0455937322	-0.0267086654	0.0248780733	0.060143523399999996	0.11352232150000001	0.022646955899999998	-0.0172485848	-0.0017236308	0.0623511484	0.0316647095	-0.011562776	0.010754124399999999	-0.015831199599999998	0.0309141438	0.0620679112	0.1927051282	0.052963392699999993	0.1057866269	0.0705898996	0.0473670334	0.0718211812	-0.19476438210000002	-0.0472157421	-0.011701776100000002	0.0498028791	0.0915053082	-0.042297777	0.033486946600000005	-0.0188941896	-0.0066335236	0.053999520599999996	0.0044955627000000005	-0.0163843961	0.1732956955	-0.0657195084	0.018323550900000003	-0.0502998517	0.020086057	-0.0604257355	-0.047223922300000006	-0.028030358300000002	0.023946876800000003	0.1076440008	-0.0392864732	0.0888309557	-0.0920710936	-0.0660866776	-0.0058614477	-0.0239993201	-0.0102511146	-0.08768759039999999	0.04913797809999999	-0.024272199900000003	-0.1287765517	-0.0159913889	-0.0386452793	0.0802167013	-0.0140052194	0.044964825	0.1417976038	0.11628455800000001	-0.02782413	0.1028462535	0.040559934900000004	0.1159847006	0.0158144632	0.0425752726	0.0752733461	-0.06815037759999999	0.09443534710000001	0.0897833739	0.0821990853	0.0719301834	0.05931204950000001	-0.00583204	-0.0058509999	3.423419982980001e-05	3.40126905616e-05	-0.00123725	-1.7599999999999994e-05	1.5307875625000004e-06	3.097599999999998e-10	0.0608266	0.0198245	0.00369987526756	0.0003930108002500001	-0.00147594	-0.00035540000000000013	1.2630916000000005e-07	2.1783988836e-06	-0.000417242	-4.213999999999997e-05	1.7757795999999974e-09	1.7409088656399994e-07	0.000560024	4.238700000000007e-05	3.1362688057600003e-07	1.7966577690000053e-09	0.0	0.0	0.0	0.0	0.0	0.0	0.0	0.0	0.0	0.0	0.0	0.0	0.0	0.0	0.0	-0.5459038678	-1.130267172	0.5520799066	-1.358136461	1.170313107	-1.628197914	1.80058374	-0.3320855548	-0.968438567	-1.284374149	0.4757867167	-1.613487308	-1.77885985	0.06790505185	-0.7891569423	0.3133557627	-1.228176411	0.5935229856	0.6054896732	1.153594507	2.338683071	0.4042158558	-1.152064653	1.077436808	1.774469202	-0.5833362065	-1.392828939	0.2553316385	1.316706253
910.4601336245416	-3.145084352841309	828937.6549196183	9.891555586487234	673.256467703012	0.8582406524078579	453274.2713039369	0.7365770174454654	656.2620549017649	1.877070297933642	430679.88470388716	3.523392903384692	2.613529	43.48988	0.40660567	0.0449880493	0.0791847035	0.015613239199999997	-0.009196384699999999	0.045137860599999996	-0.0010556642	0.053740687999999995	0.0815485691	-0.10943409	-0.0999703852	-0.0157281876	-0.0869878948	-0.0563938576	0.163355959	0.1315360607	0.0837359428	0.08168569490000001	0.23962417190000002	0.05976338780000001	-0.0159854854	0.23357330739999999	0.2500143083	-0.35469865619999996	0.19387938219999998	-0.0295630709	-0.0839402749	0.1432399038	-0.15094237300000002	0.047423104199999996	0.0994230246	-0.1523589348	0.0615357065	-0.0873047165	0.1691447207	0.0935840871	-0.07920502	-0.1034850086	-0.0372312975	0.12297073550000001	-0.0158678763	-0.0915765026	0.10839530859999999	0.0004371282	0.0795773867	-0.0226917188	-0.0040659573999999995	-0.0043929781	0.0451184039	0.027304666800000002	-0.0029955452	-0.0102816436	0.17280353739999998	-0.0066112241	-0.0176328416	-0.042034177199999995	0.012017083100000001	-0.1150958418	0.0924550858	-0.027663053599999998	0.0985919667	-0.11811794240000001	0.0467808821	-0.042989108	0.0428170051	0.10227877789999999	-0.0024436929000000002	-0.0398620346	-0.0200403021	-0.034703532200000005	0.0085223376	0.0239662376	-0.002057476	-0.0210661669	0.0101318901	-0.1106209465	0.0179838356	0.0096117307	0.024430504300000003	-0.020698923799999998	-0.002124538	0.0380887825	-0.0036212995000000003	0.0525591733	-0.0365576722	0.1494040759	0.0205372955	0.1273632212	-0.0401866334	-0.09388946029999999	0.11028487390000001	-0.22069433460000001	-0.0447776321	-0.1000045757	0.1792935655	-0.0726145219	-0.0179281248	0.2189737345	0.42434673450000004	0.036721759	0.091838918	-0.03861477	-0.0366643731	0.0588854274	0.027173878	0.09599383539999999	-0.0112933577	0.12110122599999999	0.0909070681	-0.1266047058	0.0297612808	0.0420337596	0.0682787651	0.1452709247	0.0186179799	-0.080015547	-0.10968417970000001	-0.0046931262	0.0899575201	-0.0313363159	0.07243979980000001	0.009530766999999999	0.003822109	-0.14710354550000002	0.0612081295	-0.0271568441	0.12199064539999999	-0.0601459848	0.0029893892	-0.0882673407	-0.026442353199999998	-0.120173122	-0.1405098271	0.0380777398	-0.034942921	-0.081069264	-0.055268515	0.07109936389999999	-0.0110607784	0.0189751287	-0.0524728145	-0.043246536399999994	-0.1136868939	-0.0381948047	0.0797708063	-0.0120365766	-0.036829478799999996	-0.0293087836	0.024524947400000004	-0.1294529643	-0.0832313188	-0.0083277492	-0.0625265152	0.036208002	0.0732115195	0.0941753084	0.0887616133	0.07996812519999999	0.0681296754	0.0536970388	0.00263618	0.00846822	7.171074996840001e-05	6.949444992400002e-06	-0.07988239999999999	-0.07864515	0.006381197829759999	0.006185059618522499	0.029167400000000007	-0.031659199999999985	0.0008507372227600003	0.0010023049446399996	0.00302534	0.00450128	2.02615216384e-05	9.1526821156e-06	-0.00158478	-0.001167538	1.3631449814440002e-06	2.5115276484e-06	0.000647868	8.784400000000001e-05	4.1973294542399997e-07	7.716568336e-09	1.0	0.0	0.0	0.0	0.0	0.0	0.0	0.0	0.0	0.0	0.0	0.0	0.0	0.0	0.0	0.07476904455	-2.485748342	0.5316139074	4.631365277	-4.452652662	2.271586291	1.106171798	-0.8540427819	0.8489267856	-3.167770737	1.061925856	2.071090363	1.896212683	0.04789725952	2.128026713	-0.2391029693	0.4570641932	-2.472677907	-0.5845806073	1.355003209	0.6813517448	-0.6286525586	3.767725269	-1.018301535	1.052072501	0.2056692402	0.02579752852	-1.448820437	-1.398986436
913.8524947490127	3.3923611244711083	835126.3821589943	11.508113998822882	671.9248672671507	-1.3316004358613327	451483.0272519781	1.7731597207860912	658.3358093810998	2.073754479334866	433406.0379134678	4.300457640561421	1.999592	33.273788	0.5083689800000001	0.0815831171	-0.09356962890000001	-0.10852991220000001	-0.0155729635	-0.0663542955	-0.061537069800000004	-0.1857663946	0.13320949	-0.0049703448	0.0499373272	-0.0256904412	-0.1626509975	-0.024858474900000004	-0.0322641875	-0.1825745816	-0.2815284663	-0.1355389733	0.06913832519999999	0.1877254118	-0.155928054	0.1603406124	-0.0786184103	-0.0584759146	-0.008094375	-0.2428603606	-0.09045333529999999	-0.0733461561	-0.0779437939	0.063019539	-0.0774820697	0.0206753522	0.0044881188	0.17238285399999995	-0.0339510213	-0.0287919527	0.10230738689999999	0.0494231599	-0.1457881037	0.15176368939999998	-0.069183165	0.015435395	0.0202964249	-0.09396913529999999	0.0610541371	-0.0159578071	0.030519243799999998	-0.0808226059	-0.013621591899999999	0.0074441217	0.0237281631	0.010840815	-0.12098256539999999	0.0479288812	0.0896585615	0.0235078277	-0.0097597727	0.1378740564	-0.045271165099999996	0.0032824581	0.0056567227	-0.0150530447	-0.0328993993	-0.0717174335	0.1598049453	-0.0733395481	-0.0154910843	0.016039071000000002	0.0004712106	-0.0799743487	-0.045065826600000004	0.0054971468999999995	0.0544337832	0.0145079546	-0.1167618123	0.0839769818	0.11186276630000001	0.0171055322	-0.0675446389	-0.12150747699999999	-0.083866933	-0.0879724748	-0.1270302119	-0.006046062	0.2160003634	0.1135065783	-0.06803995759999999	0.034369019	0.18286686829999999	-0.1138854899	-0.052411005999999996	0.17774551019999998	-0.16905278780000002	0.0134748826	-0.1009086409	-0.16554927560000002	0.1056778255	0.0401775059	0.0607249501	0.056253684000000005	-0.2686617155	0.1572079513	0.1116279864	0.1193882809	-0.0887751908	0.0158888089	-0.0338506988	0.1550312881	0.038666105	-0.0047181226	0.0217832475	-0.1316809683	0.0335658794	-0.0066614212	0.0820243213	0.029379818199999998	-0.13183193140000002	0.017882942199999998	-0.037992328799999996	0.10224792880000001	0.0285047882	0.048746446500000006	-0.0001716629	0.0488851828	-0.000825804	0.0076008489	0.0171063376	0.050852861799999996	-0.0313916579	0.08592950519999999	0.082072104	0.0119782221	0.1214226741	0.0032554910999999997	0.0162569005	-0.035125205	-0.148417452	-0.0450396374	-0.1404799592	0.043679814000000004	-0.11707551039999999	0.1332465974	0.0783987423	0.011954196	0.0064755145	-0.0095793839	-0.023352661299999997	0.065396863	-0.0545505289	0.0214209068	-0.030496652000000006	-0.0200696818	0.014099658999999999	-0.0416859222	-0.0325854444	0.09389553140000001	0.0876654421	0.0775863408	0.0641007573	0.04780078559999999	0.00604896	0.00341278	1.16470673284e-05	3.65899170816e-05	0.1582	0.2380824	0.025027240000000003	0.05668322918976001	-0.15721	-0.1863774	0.0247149841	0.03473653523076	0.00298545	-3.988999999999989e-05	1.5912120999999913e-09	8.912911702500001e-06	-0.00111738	0.0004673999999999999	2.1846276e-07	1.2485380644e-06	-0.00045477	-0.001102638	2.068157529e-07	1.2158105590440001e-06	0.0	1.0	0.0	0.0	0.0	0.0	0.0	0.0	0.0	0.0	0.0	0.0	0.0	0.0	0.0	1.313505936	-1.124420802	-1.026047215	1.866835844	-3.176628164	0.7890827788	1.489825012	0.09033421488	1.295248582	2.650348687	0.1159145532	3.01598694	1.72985312	-0.08019004058	-1.656763866	0.1899137147	1.281508924	1.163003985	0.2131481386	-1.785997235	-1.489085894	-0.995958511	-0.4441032891	1.226045317	3.323905837	-0.3895508437	-2.056859586	2.289776242	1.685350524
913.847257817858	-0.005236931154740887	835116.8106212186	2.742544791949572e-05	671.9633730209197	0.03850575376895904	451534.77468165156	0.0014826930733157033	656.3050849227687	-2.030724458331065	430736.36449548276	4.123841825663996	1.893428	31.507183	0.34715406	-0.09143341880000001	-0.0081067208	-0.0602138003	0.0873905629	-0.0002504953	0.018658003500000003	-0.0463767222	0.0990890743	0.0512428437	-0.042067283	0.1279903945	-0.057141962000000004	0.0036805644	-0.10439513689999999	-0.11803772039999999	-0.17527366870000002	0.0171722059	0.026378308	-0.055705063	-0.1308986587	-0.0471859293	-0.009857094399999999	0.0629983267	-0.0406752042	-0.0131883578	0.0360378556	0.0287898423	0.0577588026	0.09575866710000001	0.1068676024	-0.10967013939999999	0.08745910050000001	-0.0129885243	-0.031717414900000004	-0.0960284859	-0.0190559376	0.05001214440000002	0.05230512	0.018892615800000002	-0.062034214299999994	-0.029898418599999997	-0.1167032085	-0.043703121399999996	0.0282970591	0.10029181029999999	-0.053254925300000006	0.1739502457	0.10464017869999999	0.0304958296	0.0783310148	-0.026908508199999997	-0.0673043319	-0.0672994701	0.0629293467	-0.0952152114	-0.0492621247	0.0509833858	0.1784419203	-0.0387598122	0.0963139041	-0.0661289537	-0.019118498	-0.0143287175	-0.0036773610999999997	0.091333971	-0.1357192703	-0.0044352182	0.0193392866	0.0609457005	-0.008323541	0.0692492824	-0.12318389519999999	0.0078850086	0.0703720916	0.0308713056	0.0921976075	0.028787636000000002	0.074423897	-0.1143276716	-0.049134881	0.0688587383	-0.079717995	-0.0268665197	0.07229095349999999	0.0479702471	0.0225958894	7.007420000000001e-05	0.1226730866	-0.0769424277	-0.1915480688	0.09892063890000001	-0.08605469380000001	0.0326942329	0.0317381079	0.0815443008	0.0143731568	-0.102715656	-0.0308033705	0.015296633799999999	-0.08140284219999999	0.0030934484	-0.0240872625	-0.1197707838	0.1353546392	0.07698976490000001	-0.0285076964	0.0057572922	0.0484156822	-0.0989031492	-0.1675527719	0.0898882786	0.0792167342	-0.025486659100000003	0.014103448400000001	-0.0265084209	0.1014511633	-0.0113605777	0.0704634842	0.0837608769	0.0328455795	-0.0817362813	-0.0796706429	0.0059831808	-0.10188686359999999	0.029431950499999998	-0.050650794299999996	-0.018525471	-0.0908497368	-0.0032282999	0.0828183955	-0.0592960314	0.0392107212	-0.0785100712	-0.031977466600000004	-0.1004274155	-0.08126150759999999	-0.0191081119	-0.0753908218	0.010656956499999998	-0.0654910975	-0.1052005945	-0.1428048893	0.0294564763	0.0080367746	0.049681335199999996	-0.0880335352	-0.1450680368	0.016741640500000002	-0.0781875631	0.018858561	-0.0287576293	-0.0166473531	0.1004553074	-0.06426087700000001	0.0935960747	0.0864957792	0.0750582242	0.0598569364	0.0416541719	-0.0139108	-0.01995976	0.0003983920192576	0.00019351035664000004	0.014944999999999996	-0.14325500000000002	0.000223353025	0.02052199502500001	-0.0553702	0.10183979999999998	0.0030658590480399997	0.010371344864039995	0.00199109	-0.00099436	9.887518096000002e-07	3.9644393881000005e-06	-0.00074827	0.00036911000000000013	1.3624219210000007e-07	5.599079928999999e-07	-0.00017625	0.00027852	3.10640625e-08	7.75733904e-08	0.0	0.0	1.0	0.0	0.0	0.0	0.0	0.0	0.0	0.0	0.0	0.0	0.0	0.0	0.0	0.5080802867	-1.490519646	-1.436771344	-1.489780013	1.080228825	0.1673554694	2.53532867	-0.2590115841	-0.5905303571	-0.2728443028	1.46004464	0.13667584	-0.9751207045	-0.643013868	-1.05537571	-0.9565141278	1.035879032	-0.1585399692	-0.6151671211	-0.9149356772	0.6166141679	-0.9213254553	-0.5671505573	0.8123607594	1.675650888	1.109255268	-1.217003528	0.0609172953	2.421078288
915.9571851979345	2.1099273800764418	838977.5651157232	4.451793549196238	672.8881374823411	0.9247644614214324	452778.44556445396	0.8551893091080718	656.2057804916808	-0.09930443108794408	430606.026350696	0.009861370033700231	1.338129	22.266851000000006	0.11315505	0.0555699322	-0.0927815402	-0.1028414257	0.07751931	-0.0071156049	-0.115552275	-0.086300784	-0.0587563204	-0.038931711	-0.0810924805	0.1292002732	-0.0249070517	0.006871356899999999	-0.012872804199999999	-0.09595781169999999	-0.1047382987	0.1371300548	-0.0373106584	-0.05337420440000002	0.06460485889999999	-0.10052033640000001	0.1623838462	0.12323659460000001	0.038947725	-0.07333444530000001	-0.025240350699999997	-0.0374368482	-0.1420253315	0.0077375978	0.0494336512	-0.014591596100000001	-0.059319385499999995	-0.0477474984	-0.0853223343	-0.0213868131	0.0091159446	-0.0055392575	0.1219176194	0.0611544986	-0.0642088529	0.0618442265	0.0937874785	-0.0583815369	-0.15769528800000002	0.0100752021	0.050822060999999995	0.0590188211	-0.0354018718	0.06848860059999999	0.053472527699999994	0.070835776	0.057087487	-0.12452354730000001	0.08926761849999999	-0.0100828423	0.0566830037	-0.0533064388	-0.015605565	-0.139196145	-0.0931372238	-0.014201348999999999	0.0306727461	0.0650026537	0.0025853626999999997	0.0077214598	-0.0007318703999999999	0.1163573559	-0.0639185343	0.0678031657	-0.1101594282	-0.0512130356	0.017949206699999998	-0.0473072766	-0.1262168874	0.0096278764	0.043414900199999995	0.0455855473	0.1041022224	-0.0389159659	0.0133928647	0.0570289557	-0.13013338900000002	0.10686928949999999	0.08391332380000001	-0.0747586823	-0.0623906642	0.0239170103	0.0083105274	-0.099557908	-0.1593536323	0.035807747	-0.0868191175	0.040929381699999996	0.0236684191	0.2522914766	-0.14751202160000002	-0.056135472900000004	-0.0007439444999999999	-0.0495091113	0.001532184	0.075672746	0.1562563951	0.0590461163	0.0304445518	-0.043502814	-0.00019263709999999999	-0.1211615408	0.0373027197	-0.1184364186	0.0087252844	-0.0154116425	0.0916218265	-0.0803763645	-0.0073144371	-0.0350843561	-0.025914836	0.0638401325	0.11675946220000001	-0.0381856412	0.057372875499999997	0.0378849689	0.0552944962	0.017911534399999998	-0.0124121593	0.0071742193000000004	-0.0030986657000000003	-0.0204643794	-0.0386805851	-0.12350567230000001	-0.09440154199999999	0.10415974539999999	0.033572271699999996	-0.1359243608	0.0190112861	-0.060509767400000004	0.0942753009	0.0688504103	0.11333090960000004	0.028304731	-0.014919891499999999	0.025499687400000002	0.0050579381	0.0273468292	-0.0271378711	-0.0675978372	-0.0150523487	0.0238398416	-0.1157628182	-0.044742686799999994	-0.0091047836	-0.0037968765999999996	0.1176169356	0.0516603409	-0.0047284277	0.09327700109999999	0.0852536052	0.07238854360000001	0.0554124405	0.0352893912	-0.0165287	-0.0026178999999999994	6.8534004099999965e-06	0.00027319792369	0.060428099999999985	0.045483099999999985	0.003651555269609999	0.0020687123856099987	-0.0355326	0.019837600000000004	0.00126256566276	0.00039353037376000017	0.00151552	-0.00047557	2.261668249e-07	2.2968008704e-06	-0.000433525	0.000314745	9.9064415025e-08	1.87943925625e-07	-0.00029026400000000004	-0.00011401400000000005	8.425318969600003e-08	1.2999192196000009e-08	0.0	0.0	0.0	0.0	0.0	0.0	0.0	0.0	0.0	0.0	0.0	0.0	0.0	0.0	0.0	0.2382016219	-1.435701016	-0.3291943092	0.5820365903	-2.158922851	-0.4003414051	3.276420948	-0.5804051179	-0.1175314604	-0.2219455561	-0.005965297495	1.40094272	0.8239338223	0.5303728253	0.1846835841	0.1373032936	0.8137989589	1.140869473	-0.1052839539	1.361726113	-0.4836849968	-0.271616633	-0.5327716249	1.127048895	-0.5762808084	1.041100649	-0.5965298445	2.058949576	1.695237102
917.3445916182176	1.3874064202831278	841521.0997711944	1.9248965750428428	673.6887680664406	0.8006305840995083	453856.5562188784	0.6410093321955198	655.7599636203151	-0.4458168713656505	430021.12988731713	0.19875268279425695	1.276564	21.242393	0.11887431389999994	-0.0739631345	0.0284180294	-0.08618474029999999	0.045177141799999994	-0.0541127409	-0.0767444448	0.0601630206	0.0916809707	-0.0309536481	-0.07148783660000001	0.1215900699	0.0807760946	0.011123805	-0.0739539809	-0.053961116600000004	-0.0492753902	0.0140850747	-0.028841961699999998	0.0723140324	-0.028362492799999996	-0.12887982609999998	-0.021255634	0.0067301539	-0.0412053384	-0.0047133884	-0.0395769725	-0.006634421999999999	-0.0315968858	0.0738431045	-0.0760034547	-0.0643360301	0.0720282428	0.0345412466	0.07667787179999999	0.0252334546	0.036803865	0.043107393	0.0206964875	-0.059080811500000004	-0.0842001572	0.0792179779	-0.012030503500000001	-0.0018575509	-0.0025099463	0.0101119686	-0.0371906713	0.047689452199999996	-0.0368757813	-0.0777897324	0.06903709429999999	0.0681289734	0.0651377906	0.0829624788	0.0196467976	0.09941539740000001	-0.091539199	-0.1462566747	-0.18957329260000005	0.034690047200000004	-0.0389766052	-0.0326461715	0.0377643856	-0.0903694261	-0.0298761837	0.052495841900000006	-0.0750714792	0.0600512731	-0.038052989	-0.0075466907999999985	0.0065073563	-0.0818078064	-0.105317193	-0.0965093971	0.0673871492	0.0190549244	0.0174566333	0.13545667179999998	0.1073596956	0.0112268748	-0.0447973907	-0.0168547542	-0.043361736500000005	0.1083926202	-0.005847419499999999	0.07974382099999999	0.0055593127	-0.0101442249	0.0157775775	0.0060810174	-0.1563605938	-0.023588817	0.010295921999999999	-0.021908152400000002	0.0167251728	0.007806043299999998	-0.0789907832	-0.1482318726	-0.022469096400000003	-0.014052706399999998	-0.143994559	-0.051439647699999994	-0.0246020219	-0.026372883700000002	-0.11106223539999999	0.0723115446	0.0295001137	-0.0215227996	-0.0195549542	-0.0240382139	0.0047388856	-0.0490627555	-0.029524124900000007	-0.0449317431	0.0198606397	-0.0257892241	-0.018740206000000002	0.0437805862	-0.0648853795	0.011841646499999999	0.056091840899999995	-0.054116207400000005	-0.030959105	-0.053981651900000004	0.008497210699999999	-0.0025813031	0.0394949612	0.0206807006	0.053569955	0.11229290199999999	-0.1105680158	0.1111293768	-0.0778084889	-0.11458923130000001	-0.0468664538	0.1159991485	-0.0351377827	0.0434672336	0.0263802228	0.10287153550000001	0.10980782689999999	0.1272649695	-0.057715147	-0.0309317686	0.0722716485	-0.011706463500000002	-0.1584109451	0.06413316179999999	0.09152516050000001	-0.0513144006	0.0513453235	0.0450263486	0.0617027129	-0.015733202800000002	0.0567900733	0.0929383775	0.0839399613	0.0695823342	0.05078217	0.028739779500000007	9.49589e-05	0.016623658899999998	0.00027634603522354924	9.01719268921e-09	0.0149727	-0.045455399999999986	0.00022418174529	0.00206619338916	-0.0189357	0.016596899999999998	0.00035856073449	0.0002754570896099999	0.0009699210000000002	-0.0005455989999999998	2.976782688009998e-07	9.407467462410006e-07	-0.000433525	0.0	0.0	1.87943925625e-07	-3.18959e-05	0.0002583681000000001	1.01734843681e-09	6.675407509761005e-08	0.0	0.0	0.0	0.0	0.0	0.0	0.0	0.0	0.0	0.0	0.0	0.0	0.0	0.0	0.0	0.1203787907	-1.59593315	-1.205146306	-0.913083347	0.2351322605	-0.2192021862	1.487992604	-0.3226083106	-0.2204557504	-0.5597373432	-0.2447361189	0.6472031847	0.1795053083	1.183958158	0.5598534619	-1.704309387	-1.993886169	-0.06869700838	2.455908425	0.5613175455	0.9714332492	0.4775814001	1.897352992	0.190122386	1.11194893	1.251172293	-1.573926697	1.00639537	1.748970678
914.981536146785	-2.363055471432631	837191.2114895303	5.584031161067693	672.0568066903879	-1.6319613760526863	451660.3514188814	2.6632979329277773	655.0664432062649	-0.6935204140502265	429112.04501490673	0.4809705647043975	1.24146	20.658251	0.0756064189	-0.0305780481	-0.07051875889999999	0.025087450299999998	0.0285951591	0.0349957018	-0.0069847096	-0.028756932000000002	0.002521771	0.0282397475	0.0079402634	0.1467724586	0.0337754779	-0.0263886085	-0.003937567	0.0346433215	-0.0781892403	-0.0396752906	0.0083335197	-0.0186987885	0.010191441899999999	-0.092493025	0.0861183584	0.0541006806	0.0654284541	0.0738249376	0.0333463	0.0885163833	-0.0382318641	0.0356187166	0.1193387001	-0.0422229309	0.0024184713	-0.045102837199999996	0.1318718885	-0.012421706299999998	0.031541425899999996	-0.11656299369999999	0.061234234699999994	-0.0515062962	-0.0761670914	0.0165311221	-0.0064688191	0.0713891274	0.1235717558	-0.0339146881	-0.0686408632	0.0942409941	-0.0989092868	-0.0475406017	0.014661470400000001	-0.0137892749	-0.0042915595	0.0554953122	0.055413598700000004	0.0257528109	0.0842569452	0.0217379955	-0.0452813782	0.0776498658	0.0677638582	0.135737413	-0.0139934791	0.0018383791	0.060040168399999996	0.0556556791	-0.0052416583	-0.0487894817	-0.10119821300000001	-0.011858585900000001	0.0173886756	0.0925203283	0.0233426699	-0.10106395230000001	-0.0095283421	0.0147081353	0.0041150265000000005	-0.040771271	0.0681614347	-0.021195374	-0.09647402599999999	0.0578255029	-0.011044306799999999	0.0033760880999999998	0.0312976172	-0.0115970033	0.0329999202	-0.07812303849999999	0.0257973041	-0.0642449567	-0.1015476987	-0.1020349983	-0.0524916288	0.0513831756	0.015624473400000003	0.0163064297	-0.025445243	-0.0553287206	-0.010758702700000001	-0.0828703187	0.08500573289999999	-0.0120391123	0.030743381099999998	-0.0511100092	0.0871829714	0.1015738672	-0.0032512472999999997	0.030465441800000007	0.014158988899999999	0.0479757129	0.0640678534	0.1303632766	-0.072568445	-0.0025214415	0.055194361	-0.0903512407	-0.0001139822	-0.055187054699999995	0.0156870976	-0.05418029	0.0972564924	-0.058225007	0.0436089114	-0.024810070899999998	-0.0006521701999999999	0.005556315	0.0760613076	-0.0339187698	5.5694e-05	0.13162348529999998	-0.0701067566	0.09129144189999999	0.0196065677	0.0555979153	0.0946423596	-0.0079734023	0.00733428	-0.0989625274	0.0304818123	-0.0330960966	0.0593044559	0.011336421299999998	0.0022053444	-0.0897014667	-0.0172460713	-0.022239598	-0.033440417	-0.0060042089	0.055833909	-0.009123279	-0.052978717599999996	-0.0985509906	-0.0785938766	0.10721851880000001	0.1384105148	0.0925802748	0.0825559488	0.0666448887	0.0459816484	0.022039640899999997	-0.00726638	-0.0073613389	5.418931040065321e-05	5.28002783044e-05	-0.013580200000000002	-0.028552900000000006	0.00018442183204000006	0.0008152680984100003	-0.00534944	0.01358626	2.8616508313599994e-05	0.0001845864607876	0.000452513	-0.0005174080000000002	2.677110384640003e-07	2.0476801516900004e-07	-0.000433525	0.0	0.0	1.87943925625e-07	-2.7185500000000006e-05	4.710399999999998e-06	7.390514102500003e-10	2.2187868159999982e-11	0.0	0.0	0.0	0.0	0.0	0.0	0.0	0.0	0.0	0.0	0.0	0.0	0.0	0.0	0.0	0.01154186769	-1.01346585	-0.2807021405	-0.07341973249	-1.028167003	1.29686409	1.975943863	-0.4331819204	-1.481549191	0.3222059304	0.8896520708	1.566408797	-0.4521198024	-0.7671731918	-1.113563228	-0.07497974619	-0.3790511105	0.1609555188	1.124639391	-0.3790760453	0.5572303144	0.4798238007	1.00280225	1.173488494	0.1537255531	-0.8879598211	-1.148860001	0.2387823923	1.025259345
912.787349762651	-2.1941863841339	833180.7458867242	4.814453888318599	671.0352438231415	-1.0215628672464163	450288.29845278297	1.0435906917367193	654.3205221612623	-0.7459210450026603	428135.3457213869	0.5563982053778608	1.275596	21.22628	0.0316598488	0.09186973119999996	-0.029306339	-0.05830525740000001	0.0410736207	0.0555317751	-0.0052749429	-0.11252811730000001	-0.0642656083	0.0052627646999999994	-0.0665653576	0.05217833	0.06824647019999999	0.0349820171	-0.013255006299999999	-0.07147971809999999	-0.012454829799999999	-0.0101448016	0.0650999055	-0.1044601853	-0.0196050184	-0.0576616606	0.0248245605	0.0386454094	-0.1011026033	-0.0225636961	0.0874548482	-0.014012248400000002	-0.0688154983	-0.0905335225	0.051456721100000005	-0.0794357784	0.011420647800000001	-0.013200693400000001	-0.0034949079999999997	0.0223459085	-0.0047074879	0.0863749931	-0.028119818199999997	-0.0939904699	0.020086425800000002	-0.0806927034	0.0318192773	0.0245479856	-0.0373791776	-0.053337506900000005	0.0597480705	0.0090155413	-0.1292507245	-0.021333021299999998	0.1263204746	0.0847784985	0.032717048	-0.0707965957	-0.0083436916	-0.0177100112	0.04343486480000002	0.00026730849999999996	-0.04444967	0.0803334625	0.0192018751	0.05228878940000002	-0.0525550042	0.08957882980000001	-0.022921213500000003	-0.0654073858	0.0011241818	-0.003579117700000001	-0.035187322	-0.0330103516	0.0659715409	-0.09892234539999999	-0.004462674099999999	0.0326617876	-0.0955850707	-0.0362167007	0.0750063906	0.0145171148	0.016542175	-0.0023012723999999997	-0.0062656916000000005	0.0483501108	0.026359098799999998	-0.0265782698	0.0786074023	-0.0990714551	-0.0374463985	0.0034196345	-0.0524203803	-0.0331312188	-0.0956805283	0.005811093000000001	0.0020018421	0.062167922599999995	0.106276436	0.06355854009999999	0.042876522800000004	-0.061193841900000004	-0.045918333799999995	0.0692186106	0.042064385700000005	-0.0528790804	0.029881977999999997	0.0177316426	0.03799594	0.035711242000000004	-0.027948131400000003	-0.1167308915	-0.0859925993	0.0400932526	-0.0245833635	-0.055047537300000005	0.0375283551	0.05607575309999999	-0.06968040889999999	-0.0339049944	-0.0268818174	0.0973898792	-0.014465701200000004	-0.0396295979	0.0383788022	-0.0957798356	0.1093244709	-0.0071836734	0.1206784808	-0.0581179025	0.014412071799999999	0.0320700599	-0.0926300865	0.0335757435	-0.049039184699999995	0.0063593446	0.023700409500000002	0.0058932452	0.0042520687	-0.0036174953	0.0393705766	-0.0776580311	-0.0015131054000000002	-0.0556125473	0.056921469100000004	0.0382703705	0.136141474	-0.0326741233	-0.1251235912	-0.0593896534	0.013323741799999999	-2.878e-05	-0.0075856851000000005	-0.0170187425	0.0206991879	-0.028083732200000003	-0.1016536912	-0.0746203394	0.0893751818	0.09220276820000001	0.081102728	0.0635817472	0.0410269697	0.0152240679	7.15933e-05	0.0073379733	5.384585215151289e-05	5.12560060489e-09	0.00509489	0.01867509	2.5957904112100005e-05	0.00034875898650810005	-0.00534686	2.579999999999423e-06	2.85889118596e-05	6.656399999997023e-12	0.0003605080000000001	-9.200499999999997e-05	8.464920024999995e-09	1.2996601806400006e-07	-0.000433525	0.0	0.0	1.87943925625e-07	-6.30639e-06	2.087911e-05	3.97705548321e-11	4.359372343921001e-10	0.0	0.0	0.0	0.0	0.0	0.0	0.0	0.0	0.0	0.0	0.0	0.0	0.0	0.0	0.0	0.1064570483	-1.366854962	0.03232305899	-0.1946622477	-0.8249528314	-1.271818118	1.917877122	-0.5695971119	2.268108399	-0.3017432232	0.6091885095	-0.1183482736	0.4522168124	-0.3096396459	-1.235775647	0.1432455406	0.06844830382	0.6559494688	0.515551445	0.2466226942	-0.3852157708	-0.4305195466	-0.4704387007	0.9540592622	-0.4560217461	-1.269590774	-0.1959240838	0.88972618	1.626148484
916.4909133267613	3.7035635641102544	839955.5942105211	13.716383073405053	672.1759617215503	1.1407178984087525	451820.523516291	1.3012373237500805	655.0100998523792	0.6895776911169378	429038.23090862384	0.4755173920861668	1.350575	22.473949	0.06819075485000001	-0.1465831843	0.0427121345	-0.10188269960000004	0.07567729200000001	-0.061626755	0.003199306	0.0605427107	0.10204632289999999	0.0410860362	-0.0118309733	0.0697713995	0.10776155050000001	0.057232140199999997	-0.0007851406	3.47428e-05	-0.07586568070000001	0.045662924199999996	-0.0680771972	-0.1133441553	-0.0292307225	-0.0817769607	-0.0743910784	0.0442146854	0.010743158000000001	0.1355746841	-0.0712954012	0.0514857795	0.0036570171000000003	0.1189810583	0.0910827169	-0.024125686400000002	-0.06144224230000001	0.0722907757	0.0650786975	0.0559398379	-0.0799736157	-0.0171926443	-0.0099827982	-0.0560886198	0.1173844207	-0.1380573619	-0.0634157056	0.0802680142	0.0798594539	-0.055162914699999996	0.1102375208	-0.1802320545	-0.034621586600000004	-0.0078945453	0.095290851	0.033195667799999995	0.0273639645	0.0429687312	0.07003894769999999	0.0480616387	-0.0459027787	0.0552575564	-0.0918208773	0.0543074951	-0.0356737329	0.0612157208	0.0311432359	0.0071638894	0.0229789039	-0.0656623867	-0.09918849980000001	-0.0794906379	0.0209332868	-0.1116239141	-0.0378521874	-0.083138556	0.0287242905	-0.0011044218	0.122011126	0.043003730899999995	0.033495459500000005	0.1039910346	0.0849886165	0.0020304244	0.017036628600000003	0.0436267828	-0.0720989204	0.0090457364	-0.0042960153999999995	0.0829419872	0.08889558210000001	-0.0759491323	-0.0812632674	0.0259930358	-0.1223567666	0.0128073792	0.0236295069	-0.0212617374	-0.06457058360000001	0.053402864	0.07780290969999999	-0.08857151960000001	-0.1169970942	-0.072926959	0.0409576464	-0.0930253269	-0.0611292279	-0.0743204483	0.0567876412	-0.0089768213	-0.025011618700000002	0.0518154121	0.1264386273	0.0903292324	0.0519496672	0.0378683705	-0.0187726129	0.0650050638	-0.0076251462	0.0474698162	0.0663157473	-0.0589907468	-0.14227860009999999	-0.089950906	-0.0310475558	-0.12783932439999998	0.1469956182	0.004785877	0.1758697619	-0.0784664783	0.022595007799999997	0.0076161165000000015	0.0600037058	-0.035890725899999996	0.06830592	0.062341447	-0.09649993220000001	-0.0758857883	0.0352013255	0.024287705899999998	-0.0372312096	-0.0582612216	-0.0188342186	0.0643538523	-0.060670195499999996	0.0612376351	0.0479293189	-0.021397577799999998	-0.0862810203	0.0810552514	-0.009701744699999999	-0.029817912599999996	-0.0651614526	0.0762856992	-0.10627414019999999	-0.0644971377	0.0056757691	-0.0029599869	0.0055963429000000006	0.0918059366	0.0795815172	0.06039868690000001	0.0359347449	0.0083287577	-0.0099222	-0.0099937933	9.987590452312491e-05	9.845005284000003e-05	-0.0135907	-0.01868559	0.00018470712649000005	0.00034915127364810013	-0.0053409	5.960000000000168e-06	2.8525212809999998e-05	3.5521600000001994e-11	9.527870000000004e-05	-0.0002652293	7.034658157849001e-08	9.078030673690007e-09	5.15021e-07	0.000434040021	1.8839073982968046e-07	2.6524663044099997e-13	-9.714530000000004e-05	-9.083891000000004e-05	9.437209312090008e-09	8.251707569988108e-09	0.0	0.0	0.0	0.0	0.0	0.0	0.0	0.0	0.0	0.0	0.0	0.0	0.0	0.0	0.0	0.06086635492	-1.08299876	-0.9562571034	0.01123013312	-0.7082067872	0.3725692946	1.316488681	-0.600604583	-0.6734649517	0.5503123314	-0.4063450486	0.8665555125	-1.047332345	-0.6139677064	-0.05443740069	-3.285867982	-1.918531407	-0.8143293441	0.3321595404	-0.5030028076	1.4689691	0.2358027241	1.964890325	0.9302293096	0.6729034954	1.372699896	-0.8222628448	-0.4895181441	0.07736253986
911.9475390989461	-4.543374227815208	831648.3140686237	20.642249373975424	670.6883868841344	-1.4875748374158777	449822.9123012424	2.2128788969128745	654.4366972332119	-0.5734026191672683	428287.39068551466	0.3287905636678833	1.379902	22.961969	0.043994796050000014	0.0960905369	-0.0279896592	0.0332133835	0.034602262200000004	-0.043936259000000005	0.0640330609	-0.1022610561	-0.043530314400000006	-0.009778922800000001	0.0702719533	0.0497564157	-0.012018223799999998	0.047898567999999996	0.0522949333	-0.0497398511	-0.05633430530000001	-0.0028294786	-0.0566525756	0.0360708646	0.0488819285	-0.021089677799999998	0.0133868401	0.0647145999	0.0786680178	0.0194910154	0.0086576621	0.09846568230000001	0.046451076900000006	-0.0176563275	0.10412323039999999	-0.052133812	-0.012480338700000001	0.0307156495	0.0066776328000000005	0.1025701083	-0.0757794226	0.055801155199999994	0.0161295682	-0.022387817200000003	-0.0758248822	-0.0273760673	-0.0772708751	0.1413934034	0.024343451800000002	-0.0370381629	-0.0051371386	-0.0566304025	0.0983431095	-0.0199307819	-0.0005144182	-0.034771739700000005	-0.0079424758	0.0239684816	0.0532860817	-0.0562598739	0.054595171100000006	-0.0803528147	0.06460589950000001	-0.0412722288	-0.031621471899999996	0.01002415	0.0238371225	-0.0680251527	-0.1725584979	-0.0910268632	0.0829118527	-0.0194397159	-0.041848341000000004	0.07493672900000001	-0.012309144499999999	-0.049827656	0.1031514725	-0.0046246565	-0.0783793638	-0.053369226299999996	-0.0223068923	-0.09434761289999999	0.0170847158	-0.0414994676	-0.0148378333	-0.034175654	-0.1204273858	-0.1016242106	0.057328770099999996	-0.0347198305	-0.0561434704	-0.056880744500000004	-0.045708687000000005	-0.0527992216	-0.0014082164	0.032845648	-0.026632060899999997	0.049160748899999995	-0.0163147073	-0.059816954900000004	-0.0592099454	0.040290205600000004	-0.0289796763	-0.0390650059	0.054975222000000004	-0.0174972256	0.0704746622	-0.0696075792	0.0872521084	0.054338872999999996	-0.0246409474	0.0021731568	0.0697338584	-0.0423890697	0.003613588	-0.000529403	-0.0694972084	0.0282689042	-0.0815145582	0.0572062489	-0.0265565486	-0.0031762019	0.0486636692	-0.1235865303	0.0188570736	-0.11508047490000001	-0.13764998550000002	-0.004802392	-0.006958854699999999	-0.0652478464	0.0532336988	0.00299946	-0.0357244404	-0.0371248015	0.0854912449	0.0155136375	-0.1022980567	0.0266139625	-0.0478454704	0.07211362889999999	-0.0107517538	0.10507935210000001	0.1177170845	0.0313209142	0.047872313	0.09501833359999999	0.0605682184	0.04855794980000002	0.0445518238	0.0436711418	0.1192825661	0.0313065047	-0.0718461648	-0.045231931100000004	0.0111894777	0.0615202755	-0.1102498718	-0.0016098432999999998	0.0444548439	0.0913898634	0.0779935916	0.0571017114	0.030722046	0.0013898248999999999	-0.00537976	0.004542440000000001	2.0633761153600005e-05	2.89418176576e-05	-0.0298877	-0.016297	0.0008932746112900001	0.000265592209	-0.00535275	-1.184999999999988e-05	2.86519325625e-05	1.404224999999972e-10	0.000425696	0.00033041729999999994	1.0917559213928995e-07	1.81217084416e-07	-9.16542e-05	-9.2169221e-05	8.495165299746842e-09	8.40049237764e-09	-5.68617e-05	4.028360000000004e-05	3.23325292689e-09	1.6227684289600036e-09	0.0	0.0	0.0	0.0	0.0	0.0	0.0	0.0	0.0	0.0	0.0	0.0	0.0	0.0	0.0	0.07058438919	-1.027526693	-0.04206488149	-0.7488872053	0.007306838198	0.2250992927	1.764326697	-0.4853154647	0.2940221446	0.04391058509	1.34860718	-0.03783107776	0.7698889925	0.4637776275	-1.178138927	-0.08379115269	0.1113928073	0.1116589164	-0.1893165772	-1.205804321	-1.274383957	-1.665578167	0.5157045499	2.868518748	0.1974869948	-0.348382928	-0.3863953743	-1.062217181	0.09566524329
912.0567832382344	0.10924413928830744	831847.5758508756	0.01193428196884312	672.9808564464738	2.29246956233942	452903.2331434294	5.255416694252691	654.4784235463201	0.04172631310814268	428342.0068876763	0.0017410852055987597	1.2909700000000002	21.482119	0.08573013850000001	-0.0049231388	0.0055123315	-0.1074650301	-0.0725927971	-0.054977720599999995	-0.0799177494	-0.0094217841	-0.042508455099999995	0.0668487178	-0.1420126819	-0.009080655200000001	-0.0468082945	-0.0079662807	0.016692846100000002	-0.10290330589999999	0.025459150099999998	0.0476017211	0.0365765286	0.0421982013	0.0755964874	-0.0438801109	-0.0292438156	-0.0157435022	-0.0847739049	0.0392772291	-0.0014353429000000001	0.016310083	-0.0404064254	-0.0173786851	0.1335575695	-0.0465016699	0.07749326349999999	-0.050583076500000004	-0.028199149500000006	0.0817321386	-0.09310650349999999	-0.1225625001	-0.0744224247	0.0233917693	0.0111066159	-0.10329607019999999	-0.19782418370000002	-0.1356901081	-0.094488252	0.0250602247	0.0419543382	-0.0019256185999999998	-0.044272354699999995	-0.0201293294	-0.0606791981	0.06049396980000001	-0.012158378400000001	-0.0476376957	0.0249011525	-0.09730057550000001	-0.1241402076	-0.0667182691	0.0363001969	0.145624645	-0.1379918516	0.0404933423	-0.1546602399	0.0133386598	0.0411632338	-0.055021560899999995	0.0078067108	0.0368249076	-0.0574210474	-0.0145510272	0.09678320369999999	-0.1033248274	0.07318537280000001	0.073012273	-0.0183420805	0.032921241000000004	0.1146867987	0.009275198299999999	0.0130409964	0.0128466717	0.0425529317	-0.0851259417	0.0145899564	0.09509402480000001	0.0119714695	-0.0886491183	0.0301456272	0.1361925201	-0.024810912999999997	-0.0586438269	-0.0339832428	0.0657778073	-0.0563527398	0.0161169924	0.0586565899	0.0041536787	-0.0828625491	-0.0059463836	-0.08705938769999999	0.0211782164	0.048545394699999994	-0.12083977259999999	0.0034481924	0.09013989550000001	0.1165256269	0.0682996632	-0.0752488702	0.0033737431	-0.03999409	-0.089804735	0.0730750082	-0.051164128899999994	0.0521736573	0.0632727401	0.0715335978	-0.0086507165	0.1301462324	-0.1110224506	-0.0064303055000000005	0.1470328416	0.0354229327	-0.0549530243	-0.0375493107	-0.0815314075	0.1522330667	0.0021612610000000003	0.014385524399999999	-0.045950491600000004	-0.0776117758	-0.031049982900000002	0.09661719839999999	-0.09281584359999999	-0.11013530939999999	0.006379955	-0.0807388257	0.045975689800000004	0.142310489	-0.1129437555	-0.052166993499999995	0.0318064683	0.0312209489	0.0239777116	0.0781228027	0.0706705182	-0.0420985907	-0.0920346449	-0.011539918500000001	0.011766813999999999	-0.0337736846	-0.0518718582	0.0249164498	0.015100908500000001	0.0036283613	-0.0913508879	-0.0599651094	0.09095463570000001	0.0763402824	0.0536970388	0.025406349100000003	-0.0055563871999999995	6.50485e-05	0.0054448085	2.9645939601672246e-05	4.23130735225e-09	0.027397700000000004	0.05728540000000001	0.0007506339652900003	0.00328161705316	-0.00534617	6.579999999999953e-06	2.85815336689e-05	4.3296399999999403e-11	0.000589945	0.00016424900000000005	2.697773400100001e-08	3.4803510302500003e-07	-0.000231728	-0.0001400738	1.962066944644e-08	5.3697865984000003e-08	9.86825e-05	0.00015554420000000001	9.73823580625e-09	2.4193998153639995e-08	0.0	0.0	0.0	0.0	0.0	0.0	0.0	0.0	0.0	0.0	0.0	0.0	0.0	0.0	0.0	0.1254509747	-1.458083139	0.1034849785	0.593653607	-1.255163524	-1.431901484	1.146347482	-0.478474099	-0.1340530664	-0.4644985846	0.1576920189	0.9671055485	-0.5501606735	-0.6910086579	-0.1223705718	-0.3710669091	-0.6483703232	0.9632591357	1.587521632	2.213579554	-0.1453213244	-0.190997017	-1.511912964	-0.1723391228	-0.4742329977	0.07191451798	-0.3435386954	1.004374209	0.8003843302
914.7949668173146	2.7381835790802143	836849.8313142919	7.497649312744532	672.8016260151144	-0.17923043135942862	452662.0279685818	0.032123547525286865	654.6583443327218	0.17992078640168074	428577.54780446045	0.032371489379399224	1.090718	18.149855	0.0726251625	-0.076812852	-0.0563119743	0.052279830599999993	-0.044409439	-0.0230003627	-0.0494678934	0.06854159280000001	0.051101710999999994	0.0260709277	0.0694896005	0.0919848597	0.0137476266	0.055632038200000004	-0.0282091135	0.0457499267	-0.023873268399999998	-0.0416614521	0.0291222221	0.0921308144	0.0900447847	-0.0122340855	-0.08580632070000001	-0.013888252700000001	0.0588572054	-0.021694227400000002	0.0144511344	0.1551635181	0.0010185083	0.096392931	0.1560434707	0.027741497799999997	-0.0407074951	0.005830053199999999	-0.0682511294	-0.08435798789999999	-0.104859494	-0.0011362801	-0.011922341299999998	0.004705511	0.08442643820000001	0.090669247	0.0044800343	0.0528944103	-0.061512854299999996	-0.0132503874	0.0334621075	-0.0789998435	-0.0635896416	-0.028884401400000002	-0.13029734099999998	0.07979223690000001	-0.09016237490000001	0.0194399644	0.027068400899999998	-0.1501991895	-0.0428960531	-0.0072187488	-0.054000268600000005	-0.0417466212	0.1411286824	-0.0761396889	-0.06825219269999999	0.047404108099999995	-0.0174489175	-0.0517792171	0.039477728999999996	0.0478471716	-0.012196581599999999	0.050650605999999994	0.0340150604	-0.0284325133	-0.06776252099999999	0.0140435504	0.047236926799999995	0.0701879971	-0.0508860934	-0.0134707061	0.059031903399999995	-0.0008798214	-0.051731725	-0.0384873171	0.0892906131	0.0630181187	-0.025363598900000003	0.0527288204	0.0390628742	-0.1299971067	0.0004439325	0.024365319	-0.0315086152	-0.021459845	-0.0897337607	0.044360588	0.0040590415999999995	-0.0976413571	-0.08122661469999999	0.0796250204	0.0304537408	-0.1079194102	-0.0441815766	-0.1115808739	0.0458170656	-0.0893283673	0.1212312377	-0.0758338724	-0.1198803905	0.0118042768	0.031131954500000007	-0.026131773100000002	0.0079938126	0.07829662280000001	0.0136700754	-0.0433306617	-0.0264683605	-0.024760647400000002	0.055859340300000004	0.0050431894	-0.0725464326	-0.044912949800000004	-0.0551432753	0.1008991134	-0.053034382000000005	-0.0583757337	0.0723783864	-0.067111983	-0.0299641002	0.050655302400000005	-0.0252071483	-0.047420234299999996	0.08463797279999999	0.044508375499999996	0.17154227579999998	0.0397715095	-0.1127733452	0.1108935384	-0.023489454700000002	-0.0121844236	-0.01890372	-0.024433205	-0.050897976799999994	0.0833790045	-0.1336372146	0.1439923089	-0.0886501764	0.0372342389	0.083169641	-0.049832363600000006	-0.002043629	-0.0285956768	0.035097627799999996	0.0246985875	0.0321928493	0.0004168919	-0.043639696	0.09050034470000001	0.0746229756	0.0501910907	0.0200054754	-0.0124734972	-0.00732102	-0.0073860685	5.455400788669225e-05	5.35973338404e-05	0.014701	-0.012696700000000005	0.000216119401	0.00016120619089000012	0.00883271	0.01417888	7.801676594410001e-05	0.00020104063805440005	6.47172e-06	-0.00058347328	3.404410684739584e-07	4.1883159758400005e-11	-0.000151386	8.034200000000001e-05	6.454836964000002e-09	2.2917720996e-08	-4.7725e-06	-0.000103455	2.277675625e-11	1.0702937024999998e-08	0.0	0.0	0.0	0.0	0.0	0.0	0.0	0.0	0.0	0.0	0.0	0.0	0.0	0.0	0.0	-0.04247274469	-1.228179818	-0.6897922506	-0.5409488679	0.4270172793	-0.3667139328	0.9059297287	-0.4109795086	-0.9836970333	0.1730634783	-0.1864664518	0.1588491468	-0.9682700521	-0.07314717157	-0.1373561778	0.1168525638	-1.955281741	0.0913782213	1.102028467	0.3717069871	1.497063096	1.012958957	1.106546888	1.722708868	0.3332355899	-0.7022050735	-0.590963986	-0.3816488714	-0.1354720971
913.0409752161839	-1.7539916011306786	833643.8224237203	3.0764865368369616	671.5547542983386	-1.246871716775786	450985.78802070185	1.5546890780953957	654.6951943090718	0.036849976350026736	428625.7974513933	0.00135792075699753	1.239082	20.618677	0.032885701	0.0934711483	0.0069572879	-0.034374052599999996	0.01888186	0.0742370103	0.028086487900000002	-0.0737756646	-0.0476719195	-0.09919672980000001	-0.0387562702	0.0330296121	0.029995813599999997	-5.93405e-05	-0.0548128585	0.0944879949	-0.06342164900000001	0.006415699300000001	0.045298685899999996	0.0136440514	-0.0081681386	-0.0133928695	-0.0178693664	-0.029003165499999997	-0.0034077294	-0.0462476218	-0.0260355577	-0.0699889583	0.0992500765	0.055371356399999995	-0.0068796672	-0.023481758	0.0188667972	0.0634304483	0.06936682429999999	0.017629726999999998	-0.1500209005	-0.085422426	0.0342643858	0.0062325031999999995	-0.0394349954	-0.0415732029	0.07105393139999999	0.07835764860000001	0.0540681325	0.0018549275	0.1080880674	-0.060841459699999996	-0.0350993319	0.1452991779	-0.0415801305	-0.014262939399999999	-0.1922573696	0.0414650238	-0.033871617799999997	-0.10114884939999999	0.0954499074	0.0601119813	0.052818958099999994	0.0127347259	0.0787778787	0.10182749949999999	0.017990316	0.0991831516	-0.0140070674	0.09224190759999999	0.0028689311	0.057864220099999995	-0.0726373442	0.014221527900000001	0.0724353856	-0.0622532029	0.055454212	-0.0274399467	-0.0876564391	-0.0911720224	0.014108868500000003	0.0287348232	0.0471925958	0.0265994404	-0.0187596712	0.0974960934	0.0391459256	-0.045852702599999996	0.0307871122	-0.0207481735	-0.1118999343	0.0251825956	0.0097841352	0.0574128278	-0.052434256	-0.09894150939999999	-0.1169977457	-0.0176970392	0.0313345461	0.0063050373	0.0339132006	-0.0105120187	0.0008264874	-0.0375479154	-0.0697408744	0.0959765819	-0.051238400499999996	0.0621765362	-0.0013986544	0.0401694711	-0.0008057323	0.0795626029	0.0110721391	-0.1069050123	0.11174362189999999	0.13074844	-0.0790227655	0.0861589999	-0.1474895998	-0.030104821299999997	-0.025688853799999998	-0.0409452876	0.0192248821	-0.028117043799999998	-0.14342624210000002	-0.06327115309999999	0.0463468587	0.06961510280000001	-0.019165168899999998	0.044158763899999995	-0.0273568198	0.0329130421	-0.0228531608	-0.0360951688	0.157336977	0.025470353199999997	0.0632762762	0.1181903983	0.0524832458	-0.0402490795	0.0175316068	-0.08728369050000001	0.1566622787	-0.06240515820000001	0.0257114437	0.11531595539999999	-0.0689558691	-0.0309536525	-0.07033298219999999	-0.05454186900000002	0.0510008736	0.0301075185	0.0748434869	0.09906148140000001	-0.0350414751	0.016464969	-0.0255308164	0.0171651947	0.033712960800000004	0.0900270856	0.0728431108	0.046590479299999994	0.0145375318	-0.0193252763	-0.00899785	-0.0016768299999999998	2.8117588488999997e-06	8.09613046225e-05	-0.00436448	-0.01906548	1.90486856704e-05	0.0003634925276304	0.0125594	0.00372669	0.00015773852836000003	1.3888218356099994e-05	-0.000132849	-0.00013932071999999998	1.9410263021318397e-08	1.7648856800999997e-08	-0.000151386	0.0	0.0	2.2917720996e-08	2.42408e-05	2.90133e-05	5.8761638464e-10	8.417715768899999e-10	0.0	0.0	0.0	0.0	0.0	0.0	0.0	0.0	0.0	0.0	0.0	0.0	0.0	0.0	0.0	-0.08534491756	-0.9342179679	-0.2954312831	-0.4942843044	-0.3708140347	0.09974406537	2.127364274	-0.547772721	1.116737888	0.1523975517	0.2455129879	-0.3177560684	1.679059231	1.919987827	-1.851895052	0.3548842701	0.1981804632	0.3449856971	0.6730821084	-0.4683447181	-0.02650366552	-1.146549494	0.5889888812	0.2742153954	-0.06545352971	-0.7617585336	0.4542596101	-0.2131115083	0.6530161181
912.1306561497777	-0.9103190664062596	831982.3338882241	0.8286808026627639	672.0078373292863	0.4530830309477096	451594.53343198454	0.2052842329327632	653.0260029402332	-1.6691913688385966	426442.96051609743	2.7861998258052685	1.17777	19.598425	0.04849674	-0.0109030343	0.029985845299999998	-0.0910027813	-0.11908917050000001	-0.05710020480000001	-0.0188798614	-0.0280642975	-0.0542292563	0.026248173	-0.1266209693	0.0462026589	0.06429844650000001	-0.0934032427	0.0028910389	0.011738431799999999	-0.0715968773	-0.0169276727	-0.0214419089	0.1380000471	-0.0008622428	-0.08134154440000001	-0.0696544671	-0.0225163349	-0.14462495460000002	-0.0359940158	0.0101813613	0.0581563608	-0.049039925899999996	-0.0186289047	-0.04872728	-0.025709029300000002	0.1048514184	0.0135240277	0.0287666083	-0.014775209199999997	-0.086530421	0.010690395	-0.1096130793	0.045784085599999996	0.0070810163	0.0254268412	0.0900955814	0.0516382453	-0.0151842292	-0.0013725967999999999	0.0059819673	-0.037356644700000004	0.0719788031	-0.0505240984	-0.145311259	-0.0311254706	-0.0551563981	-0.0799920007	0.0161131824	-0.0190472016	-0.061283714100000004	0.0030859807	-0.1008201368	-0.014123993799999996	0.0008135616000000001	-0.0949865114	-0.0909568694	0.0724138946	-0.0546121635	0.1467172537	-0.0010164274	-0.0628722879	0.1512077851	-0.0107980434	0.11461110949999999	0.004712355200000001	0.0112819542	0.061828904000000004	-0.0175959548	-0.0080217687	0.09446520800000001	0.0237543539	0.0827469085	0.1332464864	-0.0559826633	-0.0090777095	-0.0320156594	0.0139821106	0.008701599	-0.09152201689999999	0.030461401800000006	0.08519375960000003	0.0104184525	-0.045565713099999995	-0.0810595665	-0.0833999161	-0.1079621226	0.0048809311	-0.043593525599999995	-0.0733884974	-0.031320925	-0.0724089332	-0.0804768741	0.049693943	-0.0353011424	-0.0831858725	0.0137808168	-0.048611353499999996	-0.10132215	0.07574886110000001	-0.0559977122	0.052552019000000005	-0.1163991019	-0.0485686549	0.0021943406	-0.0091053788	-0.0495287455	0.118866617	0.0231984837	-0.026844066	-0.0550045642	0.062634497	-0.0562920616	-0.0194867213	-0.0358826833	0.1498635553	-0.1056219618	-0.0600185394	-0.0208702327	-0.0286560929	0.012606681100000001	0.0383253147	-0.0131358673	0.0369592584	0.10178315310000001	0.0786334478	-0.0203645606	-0.05081570480000002	-0.0956837348	-0.0543615602	0.068507442	0.0487652293	0.009434647800000001	0.0621853771	-0.0341254148	-0.062697671	-0.0619668314	0.0034577149	-0.117253328	0.0003594375	0.1367023014	0.0060133734999999995	0.1644620163	0.050663273499999995	0.014254544099999999	0.039895311	0.056149431799999996	0.012882182399999999	-0.08272883269999999	0.0895349577	0.0710021802	0.0429019957	0.00902085	-0.026075837799999998	-0.0070256	0.00197225	3.8897700625e-06	4.9359055360000004e-05	0.0286324	0.03299688	0.0008198143297600001	0.0010887940897344	0.019827200000000003	0.007267800000000003	0.00039311785984000015	5.282091684000005e-05	-0.000132849	0.0	0.0	1.7648856800999997e-08	-0.000151386	0.0	0.0	2.2917720996e-08	0.000149437	0.0001251962	2.2331416969000004e-08	1.567408849444e-08	0.0	0.0	0.0	0.0	0.0	0.0	0.0	0.0	0.0	0.0	0.0	0.0	0.0	0.0	0.0	-0.2226329143	-1.102706626	-0.068865386	-0.1548794467	-0.5115360075	-1.153339363	1.693948218	-0.3771957276	-0.4189717701	-0.1597541214	0.04646278405	1.037248679	-0.3097950333	1.180501695	-1.255057817	-0.958827824	-0.2569375783	0.05918685343	1.745755977	1.08062809	0.4680092754	-0.2788976273	-1.429298832	-0.3088060926	0.4420824616	0.02268741162	0.2741244723	0.7850733482	1.837982289
912.7505157049744	0.6198595551967401	833113.5039196969	0.3842258681687005	672.9843255779915	0.9764882487052092	452907.9024736641	0.9535292998593664	652.3042955284017	-0.7217074118315168	425500.89396480436	0.5208615882925466	1.112741	18.516325	0.06070742	-0.0428616004	-0.0880341884	0.048805688300000004	-0.163267225	-0.0023406642	-0.10235862	0.05436013940000002	-0.0361826451	0.0564256537	0.004998867299999999	0.0610587343	0.048576055599999994	-0.035273661	0.0348783455	0.034091716099999995	0.0351907084	-0.0586153272	0.0368650101	0.0975226345	-0.0344878552	-0.0084493357	-0.0431517037	-0.008682451899999999	-0.028282270099999996	-0.0733316535	0.0703103339	0.1227605568	-0.168334287	0.0134496323	0.017493673600000002	-0.0484681771	-0.1413860963	-0.0199124381	-0.0128953443	0.0745426361	0.025766551000000002	0.0532554772	0.10107869470000001	-0.0727521938	-0.0855831648	-0.11731531880000001	-0.0141975321	-0.0177426262	-0.0159155252	0.0908119801	0.0307676225	-0.003628658400000001	-0.102080034	-0.0332166879	-0.052188075199999996	-0.0760130014	-0.04520209519999999	-0.0259194019	0.0342984528	0.08469914320000001	-0.0142745498	0.0832670549	-0.0449891863	0.053209719	-0.0133738995	-0.0529560617	-0.0466957951	0.0684000883	-0.0987875967	0.0852605016	-0.0476101212	-0.08002681099999999	0.14027339119999999	0.1118353528	0.0271642444	0.0750688747	-0.0476737166	0.008073815699999999	-0.010120443100000001	0.09599340699999999	-0.0080200538	-0.0364905704	0.057809325599999996	0.1056574535	-0.083773003	-0.060588446	0.0661814507	0.1094423833	-0.0316640246	-0.045897725099999995	0.0613347736	-0.0508518196	-0.0039812345	-0.0328093451	0.027493868799999998	-0.0742151012	-0.0076483292000000015	-0.0006409518	-0.0032481553999999997	-0.0819608401	0.0192600475	-0.0219525268	-0.015800518200000002	-0.0076047315000000015	-0.0886331767	-0.0852155017	0.1390431201	-0.0344365243	-0.0443248109	0.0245043246	0.0027043277	-0.1664986075	0.052660282	0.06541715719999999	-0.043020450300000006	0.0094163291	0.0497548741	0.0222857693	0.0861294125	-0.0138481373	-0.10997134439999999	-0.047755629800000005	0.0682381804	-0.0634501366	-0.0236650388	-0.11900743820000001	-0.028504421000000002	-0.08905259300000001	0.09267079019999999	0.09926988949999999	-0.019241770800000002	0.0399060995	-0.0205926616	0.1480158354	0.15044083560000002	0.0484564428	-0.005806012199999999	-0.022799492400000003	-0.0577926801	-0.0500907679	0.1201886707	0.0123018999	0.018375836200000002	-0.027657712	-0.0170028096	-0.1158223699	-0.0283317087	-0.06047680480000001	0.0235420753	-0.0133563964	-0.0064253932	-0.051300623899999995	0.0104527442	0.19114029800000001	-0.1130549535	0.0580401618	-0.0012122901	0.0674790303	0.0114633039	0.089024064	0.069101727	0.0391325966	0.0034739251	-0.032689825	-0.00647178	0.00055382	3.067165924e-07	4.18839363684e-05	0.0127656	-0.0158668	0.00016296054336	0.00025175534224	0.030547700000000007	0.010720499999999999	0.0009331619752900004	0.00011492912025000002	-0.0007288539999999999	-0.0005960049999999999	3.552219600249999e-07	5.312281533159999e-07	-0.000151386	0.0	0.0	2.2917720996e-08	0.000224758	7.532099999999999e-05	5.0516158563999996e-08	5.673253040999999e-09	0.0	0.0	0.0	0.0	0.0	0.0	0.0	0.0	0.0	0.0	0.0	0.0	0.0	0.0	0.0	-0.2466737498	-1.064371058	-0.1810107043	-0.2417056194	-0.8456888053	-1.449449424	0.2406248269	-0.410718734	-0.9746041731	-0.6126287385	-0.5694399752	0.8791527321	-1.079342837	-0.3143580924	-0.276217302	0.6155402014	-1.23237531	0.2896163915	0.1880326324	1.825208089	1.856930163	1.674494746	0.9877458942	1.069514061	0.9237288446	-1.107629379	-1.106752605	0.3222235527	0.317605733
911.1574061397162	-1.59310956525826	830207.8187632556	2.5379980869173617	671.5319560011645	-1.4523695768269818	450955.16793075	2.109377387692586	652.8669998908774	0.5627043624757562	426235.31954651495	0.3166361995492472	1.338748	22.277147	0.06105043	0.08694847900000001	0.0490970542	0.0178751269	-0.0378649997	0.0734178999	0.0429831076	-0.026756083599999998	-0.0558350345	-0.046163356100000004	-0.0099141627	0.0331543043	0.1439991367	0.0015066209	-0.006510765999999999	0.0699105837	0.0305465503	0.0209807072	0.051262793499999994	0.0027427365	-0.092612125	0.0764085914	-0.043044846100000006	0.0333768764	-0.1424719059	0.0622239445	0.0495919271	-0.0897847715	0.0503506092	0.0597630579	0.020457818500000002	0.0163986034	-0.0286536602	-0.0313926218	0.0807077783	0.0771906193	0.1049276928	-0.038633349	-0.0643125928	-0.06864310950000001	0.025371827799999996	-0.0491310698	0.0028807844	0.0642638518	-0.042731812800000005	-0.0170288528	-0.10897355449999999	0.0061932554	0.0007975095	-0.012858261599999999	0.0697736799	-0.075375222	0.11027326369999996	0.0441662308	0.0155734432	-0.1035022198	0.0069692929	-0.0042719556	0.0678878333	0.015998302199999998	0.0006156794	-0.0269945795	0.052302742	-0.0091827252	-0.0123712096	0.1297329691	-0.054153009	-0.043020833099999996	0.0612828151	0.0558484974	-0.0072519988	-0.0485896839	0.005387686700000001	-0.026405638999999998	-0.0397324332	-0.09231526289999999	0.007689946	-0.0067078776	-0.0190067552	0.0770363708	-0.034367817099999996	0.047350990700000005	0.0592940768	-0.043899346900000004	-0.0086834226	-0.0456813062	-0.0656199898	-0.034636617200000004	-0.0755930505	0.0260599929	-0.0701372483	-0.1574275224	0.0079873445	-0.0902097445	0.0033489886	0.021976143599999998	0.0810512296	-0.0204687273	-0.09449269140000001	0.0389221411	-0.07920065849999999	0.0809778842	-0.1206463834	-0.0214851548	0.06933370950000001	-0.0242576704	-0.0101816686	-0.0092420693	-0.1065283293	0.15256059689999998	0.0341438525	0.0052226145	0.0415198607	0.0587689306	0.0036833059000000003	0.0446902721	0.0314421863	-0.022236576600000002	0.0283807683	0.016121258700000002	0.0044094333000000005	-0.0647229054	-0.0680056902	-0.0159712765	-0.004285697	-0.0945534056	0.028303973700000002	-0.058634467	-0.0334983895	-0.048916552300000006	-0.0528057743	-0.07696806490000001	-0.0648943538	-0.0401633981	-0.0019666678	-0.0346359963	-0.0510968364	-0.0113261723	-0.04628919150000002	-0.06809241889999999	0.042244057	-0.0747607114	0.0362402551	-0.14232722550000002	0.039938228199999995	0.0275021649	-0.056561838899999994	-0.0255666872	0.1162652381	-0.0129197303	-0.1509869936	0.0394916198	0.0766422879	0.0016004839999999999	0.0533111421	0.0884945117	0.0671433444	0.0352893912	-0.0020846464	-0.0391325966	-0.00850681	-0.00203503	4.141347100900001e-06	7.23658163761e-05	-0.010224	-0.0229896	0.00010453017599999998	0.0005285217081599999	0.0495142	0.0189665	0.0024516560016399997	0.00035972812224999986	-0.000475418	0.0002534359999999999	6.422980609599996e-08	2.2602227472399998e-07	-0.000151386	0.0	0.0	2.2917720996e-08	0.000137008	-8.775000000000002e-05	1.8771192063999998e-08	7.700062500000003e-09	0.0	0.0	0.0	0.0	0.0	0.0	0.0	0.0	0.0	0.0	0.0	0.0	0.0	0.0	0.0	-0.3687122991	-1.08761679	-0.1567980789	-1.021593932	-0.1133178633	-0.2297000672	-0.1197541419	-0.4134350315	1.634374263	0.09362166692	0.1087641465	-1.203897601	1.507445233	1.043190213	-1.814632871	-0.2771949697	-0.268038333	-0.2847536796	0.9401953485	0.03004960146	0.3786797698	-0.3245990737	0.8156547038	0.5651709263	-0.3304993934	-0.826793463	-0.01062274309	-0.9314695479	0.210284189
908.8031276478728	-2.354278491843388	825923.1248225556	5.542627217156378	670.5204793125904	-1.0114766885741346	449597.71317758603	1.023085091528897	652.1194270676035	-0.747572823273913	425259.74715897953	0.5588651260977291	1.32122	21.985476	0.10136264	-0.0401248654	0.032733051400000004	-0.0259667599	-0.096836588	0.0105122989	0.07458441	-0.0465363598	-0.0328602223	0.1220185617	-0.0495270074	-0.009155459	0.0618282313	-0.05674167030000001	0.0656576163	-0.0180144029	-0.027551644	0.0653863524	-0.0658630957	-0.0409975845	0.0051876223	0.028483977999999997	-0.1072193406	-0.0026622697	-0.0754928402	0.07649876309999999	-0.1154236091	0.041158338100000004	-0.055746457	-0.030337539	0.039750364100000005	0.0755987223	-0.0433336597	0.059198866600000004	0.1568556451	0.0277412045	-0.021193983599999997	0.0818366569	0.0246900504	-0.0540040992	-0.09941467650000001	-0.0343326741	-0.0187207079	-0.0229429021	-0.0899443042	-0.0363796146	0.0660359558	0.017016518799999998	0.051961197599999995	-0.0183638401	0.123848137	-0.1103919729	-0.0728961687	-0.050197402599999996	0.057209715599999995	0.08435360539999999	0.0420855651	-0.1317885296	-0.0680340454	0.07927926190000001	-0.0356690552	-0.0048985966	-0.0074009257	-0.0604155684	-0.006338591	0.0990517126	-0.0453070383	-0.1110012082	0.08933412369999999	-0.022679634700000003	0.0692613279	0.0226344263	0.0597037384	0.0361358039	0.035635181	0.0082486464	0.0896064272	-0.066957525	0.0027422422	0.062700861	-0.0429075936	0.0143030598	-0.10196995939999999	-0.0947360815	0.0251459835	-0.099698547	0.1083385681	0.0504789121	-0.0630940388	-0.027729145099999998	-0.0492495753	-0.0087317752	0.0160007564	-0.046972442	-0.1118403084	0.0275644368	0.082784155	0.013462744099999998	-0.0698546917	0.019171485800000002	0.0191806052	-0.10367437369999999	-0.0019601154000000003	0.0809144799	-0.0186830097	-0.0913370394	0.0293796508	0.0418270505	0.05719626150000001	0.008695223299999999	0.0362997152	-0.0227796909	0.047417604599999996	0.0602117535	-0.0176250344	-0.0693550621	0.006438916899999999	0.1041395415	0.0498912419	-0.0393791254	0.0538122713	-0.16254368689999998	-0.0529404328	0.0207263701	-0.0543977619	-0.0047222769	-0.0588152646	0.0634524901	-0.0451737045	-0.0086338294	0.057961909900000004	0.1765642934	-0.1537739799	0.010810308999999999	0.007606577	-0.0325885839	-0.0627861903	-0.061743872400000004	-0.0579422499	0.0085308011	-0.0332458894	-0.058321208799999996	0.0896639668	-0.1477081294	0.0284848557	-0.012229044599999999	0.030187852	-0.032667601	0.13378286820000002	-0.0573712604	0.1453209403	-0.0658827427	0.0090601312	0.0278632681	-0.0635893922	0.0879464117	0.0651286743	0.031379628	-0.0076362289	-0.045370408099999995	-0.0214746	-0.012967789999999995	0.0001681635774840999	0.0004611584451599998	0.012323400000000005	0.0225474	0.00015186618756000012	0.0005083852467600001	0.0118271	-0.0376871	0.00013988029440999998	0.0014203175064100002	5.835e-05	0.000533768	2.8490827782400003e-07	3.4047225e-09	-0.000151386	0.0	0.0	2.2917720996e-08	0.00010756900000000004	-2.9438999999999946e-05	1.1571089761000011e-08	8.666547209999969e-10	0.0	0.0	0.0	0.0	0.0	0.0	0.0	0.0	0.0	0.0	0.0	0.0	0.0	0.0	0.0	-0.1623482098	-1.071241025	-0.06799248905	-0.02532515792	-0.7318460166	0.1256265802	0.1820673996	-0.2825943843	-0.5280940303	-0.2202758576	1.579927069	0.2365959951	0.1719653982	-1.137098433	-0.89007075	-0.9777598574	-0.3669756068	-0.02945042532	-0.6517329715	0.6473138031	0.2847776415	-1.006875037	-1.042514708	-0.8139295735	0.863089128	0.2902612493	0.09615548034	2.877751721	1.67837047
911.3415764280987	2.5384487802259628	830543.468926452	6.4437222098306774	672.1771502203109	1.6566709077204678	451822.12127829844	2.744558496487359	652.0681745422446	-0.051252525358904684	425192.9042508552	0.002626821355665167	1.0735709999999998	17.864531	0.061312755	-0.0091860239	-0.09191755730000001	0.0537279582	-0.1364292031	-0.0930640657	-0.0695818949	0.021782398300000002	-0.045200954800000005	0.0793396372	0.0612160724	0.012076929699999999	0.0356690544	0.008603670899999999	0.094729139	-0.0139308666	0.0655692926	0.0169311589	0.0818031576	0.0299837373	-0.0396263702	-0.0010201256	-0.1330145898	-0.0014250814	-0.0091258737	0.1241647618	-0.08380721440000001	0.0312888394	-0.07479436	0.0113123135	0.0749931725	0.079465469	0.13519276660000001	-0.014675831200000001	-0.0615105117	0.0306232384	0.0415683675	0.1024395783	0.1296369897	0.009993176099999999	-0.006233361	0.0121869053	-0.0016659278	0.0124303743	-0.0089484146	0.0576194034	0.1087889575	0.0068835028	0.043515472300000003	0.0850525525	-0.0201142625	-0.046043702400000004	0.1159328634	0.0682808584	-0.0318702071	0.003882156	0.062255104699999994	0.0227767119	-0.13337630890000002	-0.1126752164	0.0091129045	0.0505090024	-0.0027906374	-0.0877123617	0.0645595716	-0.059503325	0.0200463546	0.07228481610000001	0.0841887523	0.014398098100000001	-0.013961998400000002	0.0412648602	0.1144203576	0.0033213693	-0.0198284583	0.10052548759999999	-0.025452837000000002	-0.0651322796	0.0026301234999999996	0.0695664108	-0.0105334377	-0.1301827398	0.0393927165	0.06698121	-0.0012339364999999999	-0.0779237846	0.05793192780000001	-0.0679243825	-0.059298091799999994	-0.0643232779	0.060073985199999985	0.0039163763	0.0166187096	-0.1162594965	0.038292372799999995	-0.0836767462	0.0606212324	0.0215935231	-0.0811011783	-0.0986678314	0.015379548600000001	-0.0880084822	-0.0516762549	0.0334897085	-0.0007651260000000001	-0.0578207501	0.10205878089999999	-0.0417474065	-0.051183821	-0.0873074745	-0.128298086	-0.014950091499999997	0.11697794199999999	-0.0792512106	-0.012856042600000001	-0.0046254278999999995	-0.0573134594	0.0461160847	0.0031792584999999996	-0.0186529881	0.0165917639	-0.0578378859	-0.038178095499999995	0.001250473	0.0156423434	0.0206966568	0.0844974456	-0.0580187359	0.1562424141	-0.0736449872	-0.020574253	0.09100644769999999	0.05553862230000002	0.1485390389	-0.028058398300000002	-0.042297223700000004	-0.0722861793	0.0333914148	0.0681608334	0.10714639320000001	-0.12619954279999998	0.0360275693	0.0453138473	-0.037093202900000004	-0.06805914240000001	-0.0039188190000000005	-0.0041903953	0.0732803241	-0.09359349230000001	-0.09254924810000001	-0.0678423396	-0.0056935685	0.07760598769999999	0.0007385218	-0.0451065516	0.08737987900000001	0.0630594054	0.027410681200000002	-0.0131622105	-0.051370588499999995	-0.0146178	0.006856799999999996	4.701570623999995e-05	0.00021368007684	0.0137446	0.001421199999999994	0.00018891402916	2.019809439999983e-06	0.026677600000000003	0.014850500000000003	0.0007116943417600001	0.0002205373502500001	-0.000565376	-0.000623726	3.8903412307600004e-07	3.1965002137600005e-07	-9.66819e-05	5.470409999999999e-05	2.992538556809999e-09	9.34738978761e-09	0.000192824	8.525499999999997e-05	3.718109497600002e-08	7.268415024999997e-09	0.0	0.0	0.0	0.0	0.0	0.0	0.0	0.0	0.0	0.0	0.0	0.0	0.0	0.0	0.0	-0.162200709	-1.134585239	-0.4341036855	-0.5396575576	-0.6074699873	-1.001755751	-0.3326570284	-0.4576775349	-1.345101066	-0.6756684506	0.5484517577	-0.228457319	-0.5034328469	-0.1436393984	0.301445628	0.8257621615	-1.574483519	0.6092500719	-1.467571356	2.210925457	-0.0106231467	1.303069759	0.5474547409	0.8351475192	0.5779336241	-1.360147312	-1.185852411	1.853293959	0.4304807281
909.8414735898888	-1.5001028382099548	827811.5070642203	2.2503085252055617	671.4814448038328	-0.6957054164780629	450887.33071584284	0.484006026516915	653.1869258825942	1.118751340349604	426653.1601439536	1.2516045615340357	1.302744	21.67804	0.08622064999999997	0.0660402781	0.10398490269999999	0.0362394256	-0.0474067663	0.015334950900000003	0.08649816880000001	-0.0086858914	0.0206204797	-0.0209075669	0.0082875923	-0.0601436905	0.0794378423	0.1029062504	-0.0096524991	-0.052016817699999995	0.0524672991	-0.06748101620000001	0.0099851417	-0.044385977	-0.0025394560000000003	0.0755778879	0.0011779073	-0.0747716966	0.016325911499999998	0.0210956536	0.0141014549	0.0791689354	-0.1201189135	-0.0339976731	0.057637967699999994	-0.0281114381	0.0627972636	0.0623137597	-0.0371730681	0.1239528359	-0.024907755299999997	-0.09771997539999999	-0.0525256408	-0.0224091446	0.0175295258	-0.038141119300000005	-0.061707470599999995	0.055279478300000004	-0.048229082199999995	0.015304870200000001	0.0004839418	0.019003726999999998	0.054618508200000006	-0.0174200068	0.0387875315	0.054041306500000004	-0.0758580615	0.0050038287	-0.1255661554	0.041578182799999995	0.0591276707	0.1216765926	0.0538646863	-0.0208649439	0.015957968500000003	0.0020185178	0.0340641368	-0.0370564556	-0.14503339939999998	-0.059711667300000014	-0.08117236230000001	0.029295372400000002	-9.28656e-05	-0.0213771051	0.0111815779	0.0117489273	-0.0298453168	0.1236048042	0.0359916276	-0.08124340719999999	0.0228897365	-0.0165934638	-0.1088355976	-0.0025380186999999998	0.030839715099999998	-0.0630081163	0.0750529853	-0.0748444216	-0.0065470325	0.033712937799999995	-0.0369267729	-0.0162724717	-0.1084233087	0.054646981	-0.034149901499999996	0.013430848899999999	0.09448163789999996	0.0704444532	-0.0098041464	-0.08540692890000001	0.0705522561	0.0546523809	0.0264908914	0.0071278882999999986	0.0890501249	-0.0706216658	0.041553881699999996	0.0039560857000000005	-0.0581393636	0.08448057210000001	-0.0631742198	0.0384280854	-0.0348427018	-0.024096266	-0.0331373858	0.0354729444	0.0613555133	0.024062402799999997	-0.0347298215	0.0818466655	0.0155924809	-0.08884554830000001	0.09337554810000001	0.0203031511	0.0231479675	-0.06500360150000001	0.1109909444	-0.1222532244	0.0144336427	-0.045707880199999995	-0.030768657	0.1131304118	0.0335675903	-0.0346789288	0.0205459869	-0.1561675519	0.0343667853	0.0213738113	0.0257904219	0.0032037097999999997	0.0208631034	0.0257484323	0.0189409532	-0.026620468300000002	0.051051933499999994	0.0850605627	0.07146880629999999	-0.10547133869999999	0.0203134282	0.0242314779	-0.0128668427	-0.0412313654	-0.048492697599999995	0.0371999523	0.059314222	-0.007413476800000002	0.020193379299999998	0.0029219574	-0.0586793649	0.08679503220000001	0.060937272599999995	0.023390036200000002	-0.0186440646	-0.0571017114	-0.00685338	0.00776442	6.02862179364e-05	4.69688174244e-05	-0.0271496	-0.04089419999999999	0.0007371007801599999	0.0016723355936399998	0.0372878	0.0106102	0.00139038002884	0.00011257634404	-0.0008014969999999998	-0.0002361209999999997	5.5753126640999876e-08	6.423974410089996e-07	5.63097e-05	0.0001529916	2.3406429670559998e-08	3.17078231409e-09	0.00034274800000000003	0.00014992399999999998	1.1747619150400007e-07	2.2477205776e-08	0.0	0.0	0.0	0.0	0.0	0.0	0.0	0.0	0.0	0.0	0.0	0.0	0.0	0.0	0.0	-0.3024647154	-1.050521989	-0.2653874156	-0.5092757558	-0.4955369035	0.1241457404	-0.7442665363	-0.460082481	1.903023671	0.499214119	0.3838657777	-1.580424483	0.09983298301	-0.3938802012	-2.083941672	-0.862610561	-0.9315706544	-0.2434783981	1.513204762	-0.7145551635	-0.3925706335	-0.4071578647	0.779082909	0.37459631	-0.3026470543	-0.614861385	0.3355901588	-0.2915527619	-0.9777952857
910.0780424464197	0.2365688565308801	828242.0433431072	0.05596482388032814	670.8745796697202	-0.6068651341125815	450072.70164702384	0.3682852910014815	653.4363702559451	0.2494443733509115	426979.0899732646	0.06222249539642893	1.1630459999999998	19.353422	0.07394853499999998	-0.0829166232	-0.0083903924	0.045552660300000006	0.016562291399999998	0.10231068439999999	0.0855562066	0.005657209200000001	0.0204005136	0.12319752789999999	0.057188601900000004	-0.0313334292	-0.057680358200000004	0.0218055724	-0.0081145495	-0.00036305779999999996	-0.0170317532	0.048154046799999996	0.009246296800000001	-0.0788451258	0.0332217839	0.1099463063	-0.0519668231	-0.020121156299999998	0.0926786499	0.0134799627	0.0685574112	-0.0139268181	0.0866280119	-0.070962655	0.0568369171	0.0545556247	0.0670861071	0.024169399100000002	-0.0046102515999999994	-0.0531241934	0.0500679134	0.0014858710999999998	-0.0101477082	0.1008900324	0.0531934335	0.0924750101	-0.0094035201	0.1162332447	-0.0486279455	0.0603632333	0.1382092661	-0.0256634115	0.0050797985	-0.0444091959	-0.021983785899999997	0.1015188792	0.0740325	0.08147307620000001	-0.0334781336	-0.0407097934	0.029100820899999998	0.0034679495000000003	-0.0127676621	0.012544121100000001	0.0728045759	0.08857767429999999	-0.0008271918	-0.0333288984	-0.0192014255	-0.0033115051	-0.0508983701	-0.09068326539999999	-0.0868611091	0.1334197403	-0.0180253415	0.0784490869	-0.0160147694	-0.0485230112	0.0728559819	0.044724916399999995	0.0209145172	-0.0980663622	-0.0469037973	-0.0717770583	0.0174250494	0.0818968312	-0.026378746600000003	-0.09632632529999999	-0.009733364100000001	-0.009765941	0.1210362692	-0.035799696	0.0207001271	0.0235482043	0.0164585606	0.0997192661	0.0244373078	0.030443377999999997	-0.0220704333	0.0103734269	0.0043144854	0.1255192592	0.048937447099999996	-0.0120493892	0.0203662789	0.0884487816	-0.1132938931	-0.012565616000000002	0.058993373499999995	0.0187145747	-0.0640973244	0.0002621737	-0.1169965412	0.022038867	-0.052615517300000005	-0.024297541699999998	-0.0713296947	-0.15415569980000002	-0.021104178199999997	-0.053202252199999994	0.08801807199999999	0.0656775522	-0.0449242463	0.0261885909	-0.0193458439	-0.002834101	0.0157695385	-0.0659875914	0.0150865551	-0.083239678	0.038227731699999996	0.0886741115	0.08647120679999999	-0.0678665851	0.06079499	-0.028774393199999998	-0.0089827888	0.0707883189	-0.0046764433	0.0529237512	0.043824241900000005	-0.0912680642	0.0438562819	-0.0775384012	0.0030381789	0.0610577725	-0.010560371399999999	0.0287944819	0.0332940654	0.08218774870000001	0.0203840726	0.0526871224	-0.0864000984	0.0384888382	-0.12553360460000001	0.1012723432	0.0014048525	0.034997994500000004	0.0530990633	0.08619199400000001	0.058764054800000014	0.0193252763	-0.0240634131	-0.06253375950000001	-0.0214322	-0.014578820000000003	0.00021254199259240007	0.0004593391968400001	-0.0307759	-0.0036263000000000016	0.00094715602081	1.3150051690000016e-05	0.0203502	-0.016937599999999997	0.00041413064004000013	0.00028688229376	-0.000565376	0.0002361209999999997	5.5753126640999876e-08	3.1965002137600005e-07	0.000438534	0.0003822243	1.4609541551048998e-07	1.9231206915599998e-07	0.000184977	-0.00015777100000000002	3.4216490529000005e-08	2.489168844100001e-08	0.0	0.0	0.0	0.0	0.0	0.0	0.0	0.0	0.0	0.0	0.0	0.0	0.0	0.0	0.0	-0.2213267913	-0.9605083926	0.04187208554	-0.09057256612	-0.497166424	-0.2741215877	0.6968551891	-0.3532783547	-0.1527370984	0.04193101773	1.121379921	-0.2545473862	-0.8691032681	-1.760113694	-1.895157045	0.3065601765	0.1126277948	-0.1947165666	-0.815335683	-0.826259511	0.8977952959	-0.5835020343	-0.3968604223	0.3984221436	0.7353916632	1.634804648	0.115599082	0.1085208686	0.4873838481
909.7153483931903	-0.36269405322934745	827582.0151021436	0.1315469762479327	671.896447692054	1.0218680223338197	451444.8364212011	1.044214255068432	653.4073722110983	-0.028998044846844095	426941.19405981275	0.0008408866049395814	1.053956	17.538129999999995	0.09102915	0.0707351845	-0.0399231411	-0.0114110928	0.0325008603	-0.0119029045	-0.0304799265	-0.0344821482	-0.0816868492	-0.016973899299999998	0.013296272900000001	-0.0246277434	-0.06762236769999999	0.08414612640000001	0.022655507400000004	-0.010776406100000002	0.008217925400000001	0.1330749923	0.014846875800000001	0.0125175741	0.0833236368	-0.0413671887	-0.0526188937	-0.061533850099999995	-0.047179163600000004	-0.0185245147	-0.0415613684	0.0595327524	0.029242734700000002	-0.09505688710000001	0.1237811181	-0.0239227239	0.061640540599999995	0.014868131599999999	-0.0004606468	-0.0606949443	-0.1350944452	0.0609271741	0.027883839700000003	-0.0845778227	0.0079966852	0.0631180634	0.0091255234	-0.0441753888	0.0701426156	-0.0109230282	-0.0585669413	0.004871940999999999	0.1131334392	0.0795145142	-0.0801499641	0.10144019800000001	0.067903327	0.0471457638	-0.077821287	0.09756087460000001	-0.0490485919	0.0428815867	0.0198419543	-0.0070887165	-0.18986056510000002	0.11164456539999999	0.037648136299999996	0.0870044485	-0.0071953126	0.0266125985	-0.0779493232	0.09552173789999999	-0.0993377744	-0.042999496799999995	-0.0854703574	0.0482203113	0.11448699949999999	0.0320859071	-0.0849781293	-0.0050095765000000006	-0.0017477989000000001	-0.03631869	0.000124621	-0.0431213759	0.1137069356	-0.0021740105	-0.0383540941	0.0159930444	0.006153808100000001	-0.0756781361	-0.049384964	0.008555990500000001	-0.0415210441	0.026427361400000002	0.0315921064	0.10297881689999999	-0.0842311935	-0.044658141900000003	0.0462186063	0.0297073258	-0.0602493163	0.036860859100000004	-0.0006472873000000001	0.0067268628	0.030048211600000006	-0.19816104559999997	0.0299651609	0.0372056204	0.0290352645	0.0469992482	-0.054923749800000005	0.0030176724	0.026795239199999998	-0.0551251205	-0.037167105	0.0042981177	-0.0416551099	-0.0017010342000000002	-0.1174173036	-0.0739532527	0.032162956	0.013060575900000001	-0.1472133846	0.0549554196	-0.0304972794	0.014756809	-0.0209782466	0.07662637900000001	-0.0066678024	-0.0588088512	0.008866339	-0.0929063923	0.14765174109999998	0.0825716558	-0.0720334714	-0.1140331198	-0.0968157844	-0.0204562927	0.1380312033	-0.13186271189999998	0.0981441133	-0.0732736185	-0.052408240700000004	-0.0870639346	0.012906056599999998	0.0992424048	-0.0190593558	-0.0100802661	0.027841816000000002	-0.11157043330000001	0.091439036	0.1009067983	-0.0189565231	0.0611830286	-0.0171575156	-0.0705708619	0.1053271977	-0.0664012033	-0.0784693333	0.0855708907	0.056541573899999996	0.0152240679	-0.029402087200000007	-0.06763828200000001	-0.0129714	0.008460800000000003	7.158513664000004e-05	0.00016825721795999998	0.0168321	0.047608	0.00028331959040999995	0.002266521664	0.026485900000000003	0.006135700000000001	0.0007015028988100003	3.7646814490000014e-05	-0.0007572289999999999	-0.00019185299999999983	3.680757360899995e-08	5.733957584409998e-07	0.000121771	-0.000316763	1.00338798169e-07	1.4828176441000003e-08	0.000252854	6.787699999999999e-05	6.393514531600001e-08	4.607287128999999e-09	0.0	0.0	0.0	0.0	0.0	0.0	0.0	0.0	0.0	0.0	0.0	0.0	0.0	0.0	0.0	-0.2335395653	-0.9336550236	0.3210554739	-0.1135203409	-1.217754759	-1.310952112	1.03450554	-0.3997504192	0.1477055166	-0.3457615801	-0.09642073789	-0.4135621061	1.102660174	-0.4655059209	-0.5698046237	0.9628993217	-0.6236799972	0.793572168	-0.1031789392	0.7913110371	-0.5416297362	-0.9089994884	-0.9364429569	1.024362019	-0.1660556396	0.4386033704	-0.05254671469	0.8248182769	0.4762713058
913.6920515621199	3.976703168929703	834833.1650877958	15.814168093775539	673.3361292415705	1.439681549516422	453381.5429420209	2.072682964018006	654.061266224956	0.6538940138576663	427796.1399757927	0.4275773813588899	1.093816	18.201408	0.071385	-0.0874246319	0.094218576	-0.0145178952	0.0059300274	-0.0742397462	-0.0015738470000000002	0.1266637976	0.0863161959	-0.007318384	-0.006176701999999999	-0.056656341799999996	0.0041167257	0.0642303397	-0.069407642	-0.0091399815	0.0096448457	-0.0079247855	-0.018195209	-0.044475897699999996	-0.038734994	-0.0978429189	-0.0589793972	-0.12276898300000001	-0.0391261257	-0.07694044530000001	0.037403436	0.11962912199999999	0.043684257000000004	-0.0725933825	-0.052175428200000006	-0.032532494599999996	0.0582086312	0.0947326152	-0.018572925	-0.0415409335	0.0028022866	0.0159742841	0.0188907708	-0.0725102811	0.041685016299999995	-0.017217403500000002	0.0453468448	0.0189511445	0.016931708700000003	-0.10966225880000001	-0.09676165490000001	-0.0802806155	-0.1156568359	-0.056648841799999995	-0.0529303068	-0.004717536	-0.0109717238	0.0751738062	0.0699845705	0.0052948617	0.0951813711	-0.0292388158	0.0465396646	0.0727072181	-0.025659922999999998	-0.0018501873999999998	0.119162072	0.0669394707	0.0650251043	-0.0625047639	0.024132744900000003	0.044309030199999995	0.038861161899999996	-0.0241043939	-0.0627680955	-0.047151667300000005	0.024678799900000003	-0.20559874760000002	0.1266507653	0.0102453305	-0.019032610800000002	0.0607690612	-0.0213325833	0.0091437822	0.040831528	-0.0414077364	-0.0242663475	0.0415705112	-0.08165232730000001	0.1133485668	0.0439179129	0.005814479799999999	0.0018834153	0.1170629489	0.003921931	0.0687412029	-0.0007590286999999999	0.023214981200000002	-0.0198181869	-0.018108108300000002	0.08658096960000003	-0.0578466292	0.08022901959999999	0.0697183616	-0.0578796797	-0.12453990300000001	-0.013474308300000001	-0.0549206491	-0.052883774800000005	0.0936718411	-0.0225369685	-0.0186730715	-0.0917319533	-0.0075003423	0.0514271825	-0.025938053500000002	-0.0083163957	0.0322345718	-0.020531998	0.040944428	-0.0013102984	0.0433831435	-0.0807732937	-0.0849253514	-0.0654709113	0.030019548700000002	0.019809798899999998	0.024380007599999996	0.032711889300000005	0.0069979147	-0.0774367305	-0.1046283968	-0.0518860367	0.0477927056	-0.0205986026	0.0201158589	0.04630866559999999	0.0056123179	0.15447373849999999	0.1095641246	-0.06660505629999999	0.0537450286	0.0428589872	-0.021396972799999997	-0.0403116177	-0.0350182189	0.0290517738	-0.0258931049	-0.1181477009	0.0030628086	0.0347588758	0.0828136577	0.05119832480000002	0.0092531956	-0.100209461	-0.0297740006	0.0512727693	0.0572412971	0.0476159067	0.0849318525	0.0542716931	0.0110941461	-0.034642188399999996	-0.07238854360000001	-0.009826820000000005	0.003144579999999994	9.888383376399963e-06	9.65663913124001e-05	-0.00857197	-0.02540407	7.34786696809e-05	0.0006453667725649	0.0319762	0.0054903	0.0010224773664400002	3.0143394090000002e-05	-0.00137616	-0.0006189310000000001	3.8307558276100005e-07	1.8938163456e-06	0.000205882	8.411100000000001e-05	7.0746603209999996e-09	4.2387397924000004e-08	0.000208975	-4.387900000000001e-05	4.3670550625e-08	1.9253666410000004e-09	0.0	0.0	0.0	0.0	0.0	0.0	0.0	0.0	0.0	0.0	0.0	0.0	0.0	0.0	0.0	-0.4106478666	-0.9853521396	-0.5918757163	-0.6471818926	-0.1170371281	-0.6416809165	-0.04381662514	-0.2911804747	-0.5421433947	-0.1944512872	-0.809541221	-0.8879089811	-0.16609467	-0.9796818932	0.01878552757	-2.297779453	-2.090800447	-0.2881519887	0.6381996532	0.1158244719	0.848861233	0.5187789691	1.339223546	0.1371520178	0.6399340832	1.339864408	-0.03909354693	0.8352433905	0.1922047021
912.0368009813693	-1.6552505807507032	831811.1263443298	2.7398544850755404	671.8346698476862	-1.5014593938842609	451361.82360934955	2.254380311483292	654.0081311511411	-0.05313507381481486	427726.6356118082	0.0028233360693058237	1.068466	17.779581	0.059832259999999984	0.0147189969	-0.041945442	0.08723126099999999	0.0329943842	-0.1317295574	0.0408326314	0.0036365757	-0.0050932983	-0.042049680199999995	0.107731015	0.0541996904	-0.09084690960000001	0.0134551683	-0.002957325	0.0560888796	0.012736458700000002	-0.08644167380000001	-0.0221931702	0.022907707200000002	0.042838842599999996	-0.0411527061	-0.0043074679	-0.022272514900000002	0.045601969900000004	0.0012715093	0.0012434847	0.0149921976	-0.0283071563	0.1276929525	-0.0950116071	0.041046928999999996	-0.0690578947	0.0510445507	-0.10294573550000001	0.0452164156	-0.1177734101	0.0704568862	0.0174826031	0.0201424896	0.0896031395	-0.066043376	0.036017207999999995	-0.0436432234	0.0823671295	-0.0140893	0.010896826299999999	-0.1006841894	0.0182946592	0.0195369891	0.0778044966	0.0737246995	0.0650152143	-0.05204653150000002	-0.0468366407	-0.0052077823999999995	0.0172863255	0.0052982335	-0.0357724623	-0.0039088053	-0.05882917660000001	-0.0637292207	0.08557643029999999	-0.050128485099999995	0.0927146115	0.0391602499	-0.1124158626	-0.0049945639	0.0522128964	-0.0146053947	0.011587933	-0.0180662274	-0.057415999	-0.0914933908	-0.006213979200000001	-0.0086198411	-0.0738061731	-0.0626193666	0.0203775671	-0.0657818925	-0.0043902552	-0.05430260730000002	0.0187340901	-0.040440952	-0.0104055927	0.0420649913	-0.0650098241	-0.0901973359	0.0791856148	-0.0070948288	0.111203463	-0.0463373571	-0.0183766974	0.030987675699999998	-0.0001447071	-0.0007135339999999999	-0.0434679452	-0.0028359512	0.0274506525	-0.0560809068	-0.0840884277	0.034151342599999995	0.0379867057	-0.0762790802	-0.1141300648	-0.0885241215	-0.032692164700000005	-0.0197897732	0.1390483708	-0.035010256600000005	0.0196324028	-0.0307690017	0.044001462000000005	0.0036256916999999997	-0.0119476993	0.0406402775	0.055057121900000006	0.029583906	-0.1057439959	-0.04194229	-0.0907812006	-0.0025618061	0.1226245044	0.0356961448	0.0209606933	-0.0437677688	-0.0892944	-0.0323223139	0.0012456142	-0.0428237877	-0.0133210998	-0.0546792794	-0.06958451610000001	-0.0410724523	-0.0498905574	-0.060523393200000004	-0.0093543172	0.0566486999	-0.013770059099999999	0.0489110549	-0.055166632300000004	-0.0216870336	0.0960769009	-0.06972194150000001	-0.06509292629999999	0.0557014403	0.0569570013	-0.0843638202	-0.0146203417	-0.0401132907	-0.024422536800000002	-0.0351398639	0.025303881099999998	0.2158614266	-0.016792786299999998	0.0842750133	0.0519563153	0.0069433001	-0.039766149	-0.0767596645	-0.0214526	-0.011625779999999994	0.00013515876060839983	0.0004602140467599999	-0.0307844	-0.02221243	0.00094767928336	0.0004933920465048999	0.0396079	0.007631699999999998	0.0015687857424099999	5.824284488999998e-05	-0.00115832	0.00021784	4.745426559999998e-08	1.3417052224e-06	0.000127408	-7.847400000000001e-05	6.158168676000001e-09	1.6232798464e-08	0.000279908	7.093300000000001e-05	7.8348488464e-08	5.031490489e-09	0.0	0.0	0.0	0.0	0.0	0.0	0.0	0.0	0.0	0.0	0.0	0.0	0.0	0.0	0.0	-0.3897258261	-0.718513456	-0.01766795086	-0.6422076205	0.06549732094	0.7072497906	1.238294377	-0.3278192747	-1.094108762	-0.06309515754	0.4322641145	-0.351054259	0.01922650966	-0.5467850214	-1.431082339	0.2993454605	-0.5524403821	-0.003273013566	-0.09815256292	-0.07331128997	-0.786283216	0.8566022577	0.7774296384	1.390719689	-0.2000287469	-0.4687589567	-0.1904650718	0.03528996269	-0.2519606857
910.8834180935361	-1.1533828878332315	829708.6013577636	1.3302920859465246	671.6555197202972	-0.1791501273889935	451121.13717074256	0.032094768143492595	653.628851738864	-0.3792794122771284	427230.67582546594	0.1438528725772839	1.124892	18.718533	0.1023757	0.0423331643	0.051104413700000004	-0.0594557182	0.022145802000000003	-0.0509518179	0.0274552907	-0.0308170187	-0.042926497599999995	-0.0174684648	-0.1213175125	-0.034127461	-0.0653148803	-0.0280611147	0.0022447541	0.0007323564999999999	0.062362861299999996	-0.0961784048	-0.0323382022	0.0085815702	0.0570526207	-0.059460581	-0.0876361164	0.0127818309	0.0084142273	-0.0503035125	-0.0041406971	-0.1163517401	0.022213407999999997	-0.0173543804	0.0022086913	0.0090235356	-0.0693797923	0.0172750261	0.106893444	0.0259071317	-0.0761564843	-0.0333004956	-0.0390481467	0.0569129323	0.0743234375	0.0717839316	0.057273277699999986	-0.0136985078	0.055952541200000004	0.0367050767	0.0225607723	0.0169289041	0.0890340349	-0.023655970800000002	0.0957039583	-0.0894187055	-0.083594487	0.0597773786	-0.007097696	-0.07726026030000001	-0.0440893484	0.0080164148	-0.0395528473	-0.030075259700000002	-0.0111176946	-0.1051180308	0.0826287384	0.0308419017	-0.0345975905	-0.1718173802	0.10665892880000001	-0.0344323689	-0.0007350192999999999	0.0602748408	-0.0051092409	-0.1087809635	-0.0041486181	-0.0002317939	-0.0249293048	-0.0640565849	0.0733337865	0.0245659469	0.016731098700000002	-0.0210303992	0.0605473635	-0.044066533899999996	0.0435116415	-0.0283368409	-0.009503555799999999	-0.050723795	-0.0200892015	0.14685296550000002	0.0201829644	0.0031490678000000005	0.046050782699999994	-0.021898085	0.0543210331	0.0880046309	0.0285778614	-0.026499495	-0.005715711500000001	-0.0019916994	-0.0487289181	-0.043818122300000005	-0.0593713439	0.013844828799999999	-0.0426761769	0.08310034	-0.022945407	-0.016418643899999998	-0.033926122	0.0173342073	0.0292941506	0.046546427	0.0999340066	-0.0105128379	-0.0227385685	0.0216899965	-0.08761344050000001	-0.0833587457	0.0248547581	-0.09541055970000001	-0.0156508115	-0.0765800345	-0.0878154576	0.005797668299999999	-0.0182942197	0.0537038592	-0.11008493130000001	0.06491383740000001	0.109177416	0.0709567848	-0.032982364	-0.05440415480000002	-0.0253339036	-0.044320414800000006	-0.039293777599999996	-0.14134071039999999	-0.0910110069	0.077737268	-0.1535546051	0.07012294820000001	-0.0143243622	-0.051742665	-0.008777702	-0.0382341351	0.0774761929	0.11039204289999999	-0.0874140107	0.0357651499	0.0288924777	0.0344283858	-0.0311531169	0.1527990577	-0.045131976100000006	0.0943202582	-0.1571248647	-0.0372807546	0.1004072775	0.0836005109	0.049597381399999994	0.0027793585999999998	-0.0447567905	-0.0807287506	-0.0147574	0.0066952	4.482570304e-05	0.00021778085476	0.0082246	0.039008999999999995	6.764404516e-05	0.0015217020809999999	0.0231986	-0.016409299999999998	0.00053817504196	0.00026926512649000004	-0.000469373	0.000688947	4.74647968809e-07	2.2031101312900003e-07	0.00022437	9.696200000000001e-05	9.401629444e-09	5.03418969e-08	0.000260573	-1.933499999999999e-05	6.7898288329e-08	3.7384222499999965e-10	0.0	0.0	0.0	0.0	0.0	0.0	0.0	0.0	0.0	0.0	0.0	0.0	0.0	0.0	0.0	-0.2512073213	-0.9385096646	0.5623616242	0.1669499881	-0.3572831269	-1.056203305	1.288757228	-0.314851084	0.4055136092	-0.5269304093	0.6673491427	-0.4481763059	-0.4258905356	0.2262479865	-1.158015413	-0.08905893365	0.2249007341	-0.2267630734	1.644177795	1.193970206	-0.8719844223	-0.3397027234	-0.8511540502	-0.5192464622	-0.203025012	-0.03555900858	0.5168233837	2.358523699	0.8558030037
914.4107984206897	3.5273803271536512	836147.1082683633	12.442411972390596	672.8403325288091	1.1848128085118788	452714.1130774784	1.403781391213806	653.4604172749679	-0.16843446389611927	427010.51694517507	0.028370168627973105	1.120125	18.639208	0.06258309999999999	-0.1022869896	-0.0741597987	-0.003993823499999999	-0.0015583269	0.0395334466	-0.0647386277	0.0852168859	0.0143301308	0.044468500700000003	0.0120446394	0.0117975919	-0.0490377047	0.0126900446	0.0103340311	0.0992291307	-0.023408409100000003	-0.0174673574	-0.0022939014000000002	-0.0030685945	0.058350099100000004	0.11411287460000001	-0.0323861738	0.045591764400000005	-0.0042127658000000005	-0.0603015377	0.0139229118	0.10313222970000001	0.049905879199999996	0.0202191844	0.0310952727	-0.0456049212	-0.048662203499999994	0.0263056662	-0.034366016299999996	-0.0637028271	0.0144248909	-0.0863855449	0.0817635387	-0.0710635061	-0.0213335368	-0.0001457753	0.059753341900000013	-0.0282855494	-0.0372648541	-0.0334115813	0.0517504208	0.08252529089999999	0.0354924413	0.0705772623	0.11362029720000001	-0.09430099759999999	-0.0580653344	0.0318554029	-0.0312685982	-0.0517105958	0.08573116230000001	-0.055694795	-0.0141993543	-0.0270856903	-0.0101206882	-0.0731317747	0.0001959078	0.038600627	0.1056080274	-0.0272761617	0.0373250539	0.0412097519	0.0799261062	-0.0043026617999999996	-0.0390777806	0.053695344400000004	-0.0039164908	0.1073877465	0.033122276400000004	0.09499190789999999	-0.0273412414	0.017866449	0.0654721875	-0.0043703236999999995	0.0229104279	0.0361919529	0.0750537887	0.07656468150000001	-0.052637234000000005	0.024239859300000003	0.0868533716	-0.0516785584	0.0244196213	0.0211824721	0.0698986242	-0.0002755725	-0.040324948799999996	0.0513844879	-0.0237602361	0.0105237231	-0.0079081221	0.1484911132	-0.0184118169	0.054966702699999995	-0.0419878738	0.0101357602	0.0101112938	-0.0528274845	0.0638311902	0.0196957008	-0.0084071241	-0.027677229900000003	0.0387190744	-0.0199503099	0.0403451993	0.1188149907	0.13557474419999999	0.0232413019	-0.0679161354	-0.045741487000000004	-0.05499359400000002	0.022068564900000004	0.058648286699999996	0.0188525186	0.0302312412	-0.055948512	0.0539435046	0.12039359039999999	-0.1013513258	0.0120006192	-0.0516188754	0.0390846189	-0.0255945148	-0.0799762244	-0.017186150600000002	0.016783175	0.043188337	0.0567481934	-0.0011918313	0.0807134729	0.0038904640999999998	0.0460048211	0.0249952582	0.0542770859	-0.057473957199999995	-0.052766970700000006	-0.051186734299999995	-0.0320096762	-0.0132051716	-0.0631354073	-0.041983825599999997	-0.030378823399999998	-0.0514351553	0.0115979136	0.0075784580000000015	-0.10046377849999999	-0.06797898150000001	-0.052436510199999994	0.028505941899999998	0.0829084865	0.047196869	-0.0013898248999999999	-0.049597381399999994	-0.0842750133	-0.0214024	-0.006645	4.4156025e-05	0.0004580627257599999	0.0190554	0.0108308	0.00036310826916000007	0.00011730622864	0.0379959	0.0147973	0.00144368841681	0.00021896008728999997	-0.000972771	-0.0005033980000000001	2.5340954640400013e-07	9.462834184410002e-07	0.000207703	-1.6666999999999995e-05	2.7778888899999985e-10	4.3140536209e-08	0.00034670800000000004	8.613500000000004e-05	1.2020643726400006e-07	7.419238225000008e-09	0.0	0.0	0.0	0.0	0.0	0.0	0.0	0.0	0.0	0.0	0.0	0.0	0.0	0.0	0.0	-0.3080087384	-0.9554207894	-0.2543306229	-0.1811821201	-0.3182616628	-0.6172078582	0.459866058	-0.5084866767	-1.228670648	-0.4528452472	-0.6637963886	-0.02046618513	-1.828676302	-0.003633690947	0.08137118214	0.4418741845	-1.441060529	-0.05394720274	0.3215399217	0.9861550296	2.486873915	1.167408597	0.8425541331	0.8116211251	0.2381619493	0.600006979	-1.235695032	0.903357975	0.06777979075
911.5072565461467	-2.9035418745430666	830845.4787362828	8.430555417225063	671.4452919563943	-1.3950405724148138	450838.7800904075	1.946138198683452	653.7476725287347	0.2872552537668298	427386.01933673775	0.0825155808166458	1.406611	23.406406	0.06274974999999999	0.0897187637	0.0501353603	-0.0086834672	0.0475643484	0.0685573283	0.0651785755	-0.027531594	-0.0270423449	-0.0956893599	-0.011405584	-0.0347851216	0.0182460097	0.0895615325	-0.0095590083	0.0776273361	0.0065533701	-0.011731603200000001	0.0321472087	-0.051406314800000005	0.0069929599	-0.0341498109	0.048809039400000004	0.0227124809	-0.0216020427	0.0262394773	0.135577971	-0.029612676299999998	-0.0408485538	0.0118025844	-0.048304794000000005	0.0155533094	-0.033758506699999996	0.0788157093	0.1631956507	0.0087501923	-0.040321385	0.0028481232	-0.082957882	0.0741777925	-0.0056313467	-0.0777680603	-0.0266347155	0.0481223491	0.0178079706	0.13441431480000002	-0.024196689	-0.050831767	-0.0542315906	-0.1481466429	0.054724927300000004	-0.08176745719999999	-0.0102311286	0.0186876079	-0.0335036738	0.037483902799999996	-0.08504423289999999	-0.0289891109	0.0352013506	-0.1618371901	0.013224750700000001	-0.015198248700000003	-0.0718376213	0.0376452605	0.012293369699999999	0.0011219631	0.0731749884	0.12797492789999998	0.1282783269	0.0176648608	0.0181421602	0.1030766322	-0.0352112943	0.0019007401000000002	-0.0496942826	-0.1009640848	-0.0068063577000000005	0.0135496193	-0.030387976	-0.029166996400000002	0.0231543454	0.0793031937	0.06176217	-0.0663822467	-0.0148178287	0.0206881139	-0.0828951402	0.0190807904	-0.0714684318	0.08527848730000001	0.0276420583	-0.0356651448	-0.030351479599999998	0.0438463605	0.0614243738	0.013348976399999999	0.0239908015	-0.0236096287	-0.0577698537	0.030901795	0.039121129500000004	0.0912539174	-0.053651193099999994	-0.0534976845	-0.1227641475	0.0490818943	-0.0968847721	0.0282444613	0.0831739347	0.1058499155	-0.0741511991	-0.0188249231	-0.0874413268	0.044281628200000006	0.067090764	0.005825919200000001	-0.0033452603999999998	-0.0153758827	0.0068530574	-0.034511107799999996	-0.1001733143	-0.0629660548	-0.023272451800000003	-0.0733018384	0.022864140699999997	0.07618680629999999	0.0960772201	0.0633032357	-0.1371172637	-0.0989816473	-0.0835436209	0.021594517200000003	-0.0017178126999999998	0.0267763799	0.050331080199999996	-0.0270703293	-0.02880018	0.0404885969	-0.0484577388	0.1944955652	0.0100748329	-0.1140270993	-0.1053947525	0.0478108884	-0.0377398526	-0.0368320421	0.0355719352	0.0523692908	-0.0237553178	-0.0062834415000000005	-0.0249052581	0.0745688695	0.05604292860000002	0.07647375349999999	-0.0827383641	0.0821990853	0.0447567905	-0.0055563871999999995	-0.0542716931	-0.08737987900000001	-0.016684	0.004718399999999998	2.226329855999998e-05	0.00027835585600000004	-0.0186671	-0.0377225	0.00034846062241	0.00142298700625	0.0517791	0.013783199999999995	0.0026810751968099995	0.00018997660223999988	-0.000931735	4.1036000000000046e-05	1.6839532960000035e-09	8.681301102250002e-07	0.000166215	-4.1488000000000013e-05	1.7212541440000005e-09	2.7627426225e-08	0.000298719	-4.798900000000002e-05	8.923304096100003e-08	2.302944121000002e-09	0.0	0.0	0.0	0.0	0.0	0.0	0.0	0.0	0.0	0.0	0.0	0.0	0.0	0.0	0.0	-0.4614236851	-0.9606717691	0.08844012427	-1.053638115	0.09203207831	0.281583506	0.5770576524	-0.4121198541	2.181796598	-0.2863185365	0.6355494255	-1.671155275	1.253223887	0.7859452854	-1.603252701	-0.4331953404	0.04034967051	-0.07266035964	0.7501509255	-0.06329096001	0.2732369174	-0.8158595881	0.52236379	-0.07200228719	-0.1750174849	-1.199972011	0.09728032783	0.0800769937	-0.5085721708
912.1035645394452	0.5963079932985238	831932.9124455618	0.3555832228717123	671.9348490506616	0.4895570942672976	451496.4413687354	0.23966614854743964	653.0284523598508	-0.7192201688839077	426446.15959150187	0.5172776513293967	1.332465	22.172606	0.10945245	-0.08011153559999999	-0.0660688326	-0.0513862032	0.023627972200000003	0.0761647357	-0.0340655181	-0.0010412481	-0.0559301809	0.0851060567	-0.0755710408	-0.0194943941	-0.05037164349999999	-0.0468954343	0.043183346500000004	0.019912688	-0.0582131447	0.0523857835	-0.0164847778	-0.134410381	0.0488167126	-0.0361668385	-0.09579220210000004	0.05077927980000002	0.0401661357	0.0479429233	0.015026273400000003	-0.0906194582	-0.027033483900000002	0.0140224824	0.0573409145	0.0495282582	-0.0468776505	0.0195060671	-0.000743555	0.0292628609	0.0702711275	0.0085041516	-0.08866849449999999	0.0492684042	-0.04305032809999999	-0.0132563292	-0.1204340933	0.0370741686	-0.0708509153	-0.0228704265	-0.0988493059	-0.06811217259999999	0.0367107356	0.0290092013	0.0284067467	-0.0221632395	0.11936851970000001	-0.0126643572	-0.1052492243	-0.0117142383	-0.050877183	0.0507697448	0.011906083400000001	-0.0554805741	0.0037861461	-0.08584966449999999	0.0391118137	0.0280620665	-0.0186483435	0.0227247227	-0.0459758501	0.0349879146	0.0270970244	0.0624587532	-0.0565646403	-0.071062908	-0.12475360560000001	-0.0885326564	-0.012245844799999999	0.0799213937	0.0429071809	-0.022495755099999997	0.054366682400000005	-0.0163096173	0.0329819561	0.1308599084	-0.046128336799999996	0.027781490099999997	-0.0109037396	-0.08914632189999999	0.0802931258	0.0955878711	-0.0079286739	-0.033076134900000005	0.0222656701	0.0284508959	-0.0376000877	0.0559393524	-0.0002823968	0.09136299199999999	0.053346786900000005	-0.005896949300000001	-0.10324433150000001	-0.1139113056	0.0042574213	-0.0131131657	-0.0184633265	0.0306069825	0.0227636157	-0.0518050475	-0.0476158261	0.029503963900000006	0.0085900313	0.1165686101	-0.005885545	-0.1071284501	-0.079074151	-0.025995761000000003	0.052536224000000006	0.11561689970000001	0.059395656399999996	-0.0029713928000000005	0.0012465863000000002	0.0075619326	-0.0097020335	-0.0570374663	-0.0361194591	-0.022116611	0.0025776156	-0.020772962199999998	0.025660762200000003	-0.0041938591	0.0753799745	-0.0743574597	-0.0098704535	-0.0747513747	0.0208532111	-0.0236932019	-0.0331986071	-0.027167148199999998	0.0308963386	0.1084639352	0.0663985188	-0.0467452079	-0.0627250857	-0.0634118899	-0.08619929330000001	0.10171900769999999	-0.0187850528	-0.0590160005	-0.2845216669	0.05346503650000002	0.0533549875	0.038588466200000004	0.0325649803	-0.11389640529999999	-0.09476211050000001	0.0213197048	0.0028459433	0.0814724559	0.0422791915	-0.0097124697	-0.058764054800000014	-0.0900270856	-0.0118701	0.004813899999999999	2.3173633209999994e-05	0.00014089927401000004	0.0253599	0.044027	0.0006431245280100001	0.001938376729	0.0167656	-0.0350135	0.00028108534336000003	0.0012259451822499998	-0.00103916	-0.00010742499999999986	1.154013062499997e-08	1.0798535055999998e-06	-0.000151386	-0.000317601	1.0087039520099997e-07	2.2917720996e-08	0.000385654	8.693500000000001e-05	1.4872900771600005e-07	7.557694225000001e-09	0.0	0.0	0.0	0.0	0.0	0.0	0.0	0.0	0.0	0.0	0.0	0.0	0.0	0.0	0.0	-0.3307199668	-0.7264619897	0.4205583587	0.1744819118	-1.019242865	-1.251775744	1.110135111	-0.3534686655	-0.04492357644	-0.7190545107	0.4908105918	0.5465695275	-0.6628212553	-1.389306861	-0.5149525518	0.3124272869	0.06720642575	0.2670754217	-0.8708489663	1.954607381	0.9427465648	-0.1271133755	-1.359277856	-0.5383767958	-0.5477624761	1.054338458	-0.40686511	1.667183797	0.6024411639
911.9101491658952	-0.1934153735500104	831580.1201517652	0.03740950672549005	672.6161559652612	0.6813069145996451	452412.49326548463	0.4641791118812881	653.1522548172459	0.12380245739507245	426607.8679728525	0.015327048457058729	1.157783	19.265835	0.0697174	0.0155106901	-0.0177743671	-0.0125249408	0.11296618230000001	0.0495434252	-0.0475606746	0.0446044757	-0.0083983329	-0.0597079396	0.0063611082999999995	-0.031532075	0.0369164146	0.1202822675	0.0191869967	0.0188297752	-0.0189103043	0.1071562837	-0.0266128662	0.0521151533	-0.0486713874	-0.0167332156	-0.1193866331	0.0116994715	0.023894189700000002	-0.0293467973	-0.026213491800000002	0.048409552300000006	-0.0772400471	0.0165750347	0.1036875914	0.0056997689	-0.0376205111	-0.0177121313	0.0531218818	0.0021511467000000003	0.09679295119999999	-0.0286312598	-0.09582143439999999	-0.048949632800000004	0.0117966783	0.0350812235	-0.165624404	-0.0399471818	0.0783836045	-0.059884929	-0.0671389007	-0.0290464689	-0.0684434789	0.0264534175	0.0592152438	0.0464859788	0.028961877200000007	0.0103858365	-0.047521845	0.1381724111	-0.0740503852	-0.0417209259	0.11836673800000001	-0.10623457380000001	-0.10639863150000001	0.0069833256000000005	0.0007282228	0.0494194016	-0.0064021625	0.0800323524	0.10592478279999999	-0.08040566889999999	0.0054276491	0.025525590499999997	0.0184679449	0.1285845016	0.0029969302	-0.0031434565999999995	-0.0176016394	0.0016410538	-0.044294987599999995	0.0321806752	0.0062330628	-0.0374511242	0.09297176550000001	0.06290273910000001	-0.0558542056	0.06298620190000001	-0.0345093628	0.025650293199999997	-0.051007406100000006	-0.0111793602	-0.12425753560000001	0.0846338289	-0.0063708433	0.0421960819	-0.0507403337	-0.0777987055	-0.0550681576	-0.0099623059	0.0234297299	0.0083848093	-0.0265417744	-0.073262094	-0.068758612	-0.0732096003	0.1048193213	-0.016458669199999998	0.0998156599	0.047411077999999995	-0.0121622329	0.0501390642	0.010558757299999999	0.10908418630000001	0.0269941445	-0.0614526418	0.0029767318	-0.0061491409999999995	0.08509009279999999	-0.028279649599999998	0.0582977167	-0.021380689900000003	-0.0434804957	-0.009360059300000001	0.08443507509999999	-0.0339918914	-0.0409180482	0.0514480369	0.0429892664	-0.010089200999999999	-0.0163513821	0.0802133246	-0.0173107407	0.0683291147	-0.0645139658	-0.0115657851	-0.09611087509999999	0.0897112608	0.1242310136	-0.11957998869999999	0.0696143393	0.1611038689	-0.046426317300000006	-0.0295482171	-0.0289434542	-0.0616130515	-0.0583423245	0.0657808818	0.1127477809	-0.0378928548	0.0581539683	-0.0236324526	0.05989940110000001	-0.0858212543	-0.0121146968	0.1544792809	-0.0525345345	0.1167187277	-0.0835083738	0.0807287506	0.039766149	-0.013850234	-0.0630594054	-0.09220276820000001	-0.0125955	-0.0007253999999999977	5.262051599999965e-07	0.00015864662025	0.0226293	-0.0027306	0.0005120852184900001	7.456176359999997e-06	0.045255	0.028489400000000005	0.002048015025	0.0008116459123600003	-0.00149026	-0.0004511000000000001	2.0349121000000005e-07	2.2208748676e-06	0.000146326	0.000297712	8.8632434944e-08	2.1411298276000006e-08	0.000379026	-6.628000000000058e-06	1.4366070867599998e-07	4.393038400000079e-11	0.0	0.0	0.0	0.0	0.0	0.0	0.0	0.0	0.0	0.0	0.0	0.0	0.0	0.0	0.0	-0.514331516	-0.7898844435	-0.3708910208	-0.6633108571	-0.4594733539	-0.9295217576	-0.1466257682	-0.3416586104	1.060701683	-0.5472571377	-0.7714731518	-0.9690703648	1.075513961	0.3322929695	0.1145367878	0.4079523042	-1.397385354	0.3789960583	0.16570943	0.5587717569	0.7319497647	-0.06020362535	1.382237084	1.167534595	-0.3967037895	0.5311075829	-0.6015779164	0.3742538538	-0.3271307375
911.547045520285	-0.36310364561018105	830918.0161967606	0.13184425745540396	671.6085017456744	-1.0076542195868117	451057.97961706953	1.0153670262511059	653.5338634762402	0.38160865899430974	427106.5107101809	0.14562516861943536	1.227631	20.428133	0.08361813500000001	-0.08931181710000001	0.10596056849999999	-0.020116236000000003	0.06925212509999999	-0.0082806976	0.08529509800000001	0.037649267400000005	0.0580034959	0.0581460318	-0.0119610229	-0.0251360987	-0.0111343217	0.0271503996	-0.0543488558	0.0379375829	-0.0016620798000000002	0.030980585	-0.08865503699999999	-0.1302598891	-0.0327085031	-0.0308015005	0.0757338005	-0.033597727	0.0522016872	0.0273314502	0.1285814061	0.0409977087	-4.39316e-05	-0.0602128244	-0.06018594150000001	0.0182879983	-0.047311341500000006	-0.028124505499999997	-0.0217402367	0.0539379938	0.030485895	0.0574704368	-0.017166641	-0.009235216899999999	0.012928575800000001	-0.0546677182	-0.044671893399999996	-0.0799515629	-0.048514237300000006	0.0132596806	-0.0541852693	-0.0404460937	0.053665074400000005	-0.098419602	-0.12367503869999999	-0.0742223271	0.0169605528	-0.0203031374	-0.030557726400000002	-0.053863954000000006	-0.0147346482	-0.12295809810000001	0.022793152599999998	-0.0676706416	-0.0368136742	0.0725416418	0.0059448015	0.0425177572	0.0432234018	0.050781808399999996	-0.0700606562	-0.1058098035	-0.0754790221	0.0415442602	-0.0088103082	-0.0189776535	-0.1512045849	0.0316504738	0.1175194679	-0.0410442946	0.0331135276	0.0117395392	-0.025678585299999997	-0.0368467473	0.0121674234	0.107404994	-0.08818680720000001	-0.0674820974	-0.027932292400000003	0.0494018665	0.1090964841	-0.0011209578	0.0128551538	0.0886850711	0.0178202075	0.0453080839	0.0329337838	0.0837910206	-0.025344561600000003	0.1100303662	0.016686908700000003	-0.026194824900000004	0.0933148326	0.0204577769	0.0703068604	0.0432319487	-0.0322876204	-0.1044340375	-0.019278144599999998	0.0160291528	-0.0109849318	-0.1051553776	0.003047532	0.0468627395	0.0143196921	-0.1565437951	0.0348391452	0.0405216262	0.0116936397	0.044492734900000004	0.029960177999999997	-0.009159985	0.0148463211	0.007088564	-0.0660518779	-0.0047804106	-0.1673923951	-0.072063705	-0.0173119225	0.055130853	-0.056376759699999994	-0.049481384100000005	-0.0028643259000000003	0.048453961399999995	-0.0407649968	-0.0366519657	-0.1214207664	0.0724972331	0.056221723200000004	0.0067728007	0.0844583882	-0.1100263525	-0.0033804256	0.071437791	0.0371436413	0.0337078299	-0.020888062199999998	0.0993078907	-0.0079421916	0.048847483600000005	0.05458947	-0.0784679223	-0.0057078012	-0.0139424859	0.0319906289	-0.0527994908	0.028265376800000002	0.0872464004	0.0419529243	0.07996812519999999	0.0372197698	-0.017961876	-0.0671433444	-0.09389553140000001	-0.0214264	-0.008830900000000003	7.798479481000005e-05	0.0004590906169600001	-0.0189813	-0.0416106	0.00036028974969000004	0.0017314420323599998	0.05185	0.006594999999999997	0.0026884225	4.3494024999999955e-05	-0.00102287	0.00046739	2.1845341210000004e-07	1.0462630368999998e-06	9.91103e-05	-4.72157e-05	2.2293223264899994e-09	9.822851566090002e-09	0.000361999	-1.702699999999997e-05	1.31043276001e-07	2.8991872899999897e-10	0.0	0.0	0.0	0.0	0.0	0.0	0.0	0.0	0.0	0.0	0.0	0.0	0.0	0.0	0.0	-0.580158941	-1.026979982	-0.1697710169	-0.337809043	-0.2279677661	0.4727685664	0.4308598484	-0.1787534028	-0.785162815	-0.1459724531	0.06548180394	-0.2930883589	-0.5326634655	-1.289200817	-1.470621215	-2.397288468	0.1563618902	-0.2114039822	0.3363694188	-0.568745361	0.8609168598	-0.3118157307	0.178359028	-0.6633979505	-0.3489078469	0.718489597	0.6478657977	1.106241807	-0.6698036808
911.7382666489377	0.1912211286527281	831266.6668720095	0.036565520043223186	671.5358908957102	-0.07261084996423506	450960.4527610951	0.0052723355325286535	652.8696044340188	-0.6642590422213743	426238.7203938322	0.4412400751728576	1.290518	21.474592	0.06886488499999999	0.08456530640000001	-0.09263643769999999	0.0079315227	0.0015171948000000002	-0.09434319640000001	-0.0386157633	-0.0727213149	-0.1062994778	-0.025687626800000002	0.0159648235	-0.0060235899	-0.058038266799999995	-0.050993896799999994	0.0713580305	0.006935845899999999	-0.0596886703	-0.0339757962	-0.0839314476	0.0293624266	0.0187297297	-0.124603899	-0.021750214700000003	-0.0306137961	-0.0156932147	0.0040977883	0.059342453899999995	-0.0025502327999999998	-0.0181475397	0.0006578904	-0.008895612399999999	0.0484387067	0.0027172394	0.069112736	0.0287290431	0.0166221622	-0.0883731284	0.0843113798	0.0174957415	0.025221137999999997	0.0244283712	-0.015111875	0.0810896591	-0.1016827008	0.079736855	-0.021439969500000003	0.0200916729	-0.0356651131	-0.0624976187	-0.1381471875	0.0821584753	0.055245286399999996	-0.047922274400000006	-0.10065959619999999	-0.1605728004	0.003250665	0.1442683991	-0.10896135259999999	0.0937168801	0.0967571997	0.0662552424	-0.0169315969	-0.029378350600000002	0.1570726392	-0.1115949835	-0.021381208399999997	-0.0154273425	0.08811810869999999	-0.0955871552	-0.0514149233	0.06932895230000001	0.18422021870000002	-0.0657251895	0.0089835664	-0.13148178359999999	0.005798611899999999	-0.042453889	-0.046616283499999994	0.050490683700000004	0.0097710749	0.013354018899999999	-0.0663788426	-0.0661937811	0.0043982452	0.0353815594	-0.0942410583	-0.0616765083	0.038278680499999995	0.0183209519	-0.0525625358	0.0880369591	-0.0224298048	-0.1117932558	0.0135614661	-0.0987657325	-0.0044441098	-0.0116826867	-0.10825941550000001	0.0046687926	-0.0088243561	0.046011497699999994	-0.0400197519	0.0336196757	0.0333773778	-0.112459011	-0.0160780246	-0.060870489800000004	0.0347934813	0.0503631317	-0.0520664477	-0.028296615499999997	-0.08640030630000001	0.0039548178000000005	-0.0278085679	-0.0113846755	-0.037990089399999996	-0.045800975300000005	0.0861114187	-0.0762240706	-0.1140391939	-0.0153457473	-0.027147002799999997	0.0862831725	-0.021099272999999998	0.0192887314	-0.0302707493	-0.017518863500000002	0.045512930300000004	-0.2081160391	0.034978122	-0.0850040665	-0.12269242470000001	-0.027668257400000004	0.0720098854	-0.0544533313	0.034663605099999995	0.031876785899999996	-0.0404477271	0.016463969199999998	-0.1827961638	0.06946590650000001	-0.0067227753	-0.11824125320000001	-0.0723967486	0.0293541692	0.012028968999999999	-0.0012244186000000001	-0.05693936910000001	-0.0490207619	-0.0384631042	0.1312984758	0.1720240948	0.11275580810000001	0.0332356892	0.0713342484	0.0791907393	0.034642188399999996	-0.022039640899999997	-0.0710021802	-0.09509650929999999	-0.0213874	3.900000000000084e-05	1.5210000000000656e-09	0.00045742087876	0.0121658	0.0311471	0.00014800668963999998	0.0009701418384099998	0.027172900000000003	-0.0246771	0.0007383664944100003	0.0006089592644099997	-0.00123589	-0.00021302	4.5377520399999984e-08	1.5274240920999996e-06	0.00012861600000000002	2.9505700000000004e-05	8.705863324900004e-10	1.6542075456000003e-08	0.000344491	-1.750800000000001e-05	1.18674049081e-07	3.0653006400000027e-10	0.0	0.0	0.0	0.0	0.0	0.0	0.0	0.0	0.0	0.0	0.0	0.0	0.0	0.0	0.0	-0.3498264883	-0.541713698	0.6108862115	-0.5858142372	-0.341184332	-0.5619537309	1.327111112	-0.3195398184	-0.5172148753	-0.2596447696	0.7911218466	-0.05079467358	0.526581222	0.7640445744	-1.077483073	0.7860725669	0.3939431693	0.5599717437	-1.225210021	0.9112647036	-1.514205881	0.4032227914	-0.496976285	1.148959936	-0.1774040197	-0.7372380949	-0.540445554	2.195649431	0.4062781538
911.4553260835768	-0.2829405653609456	830750.8114461193	0.08005536352677152	672.6499639367663	1.1140730410561446	452457.973984133	1.241158740808086	652.2787173827387	-0.5908870512801059	425467.5251504707	0.3491475073704985	1.281773	21.329067	0.044711905	-0.0164784343	0.0603653221	-0.0688137955	-0.0341440121	-0.08895783189999999	-0.0416137084	0.0592404851	0.0120536373	-0.0157728899	-0.0993977012	-0.0094058001	0.0540264179	-0.0092599925	0.0140954036	-0.0112472763	0.0797266447	-0.08894623859999999	-0.0611807278	0.0730840081	0.0452577888	0.018619662	-0.0657834964	0.0115312725	0.0867528786	-0.0651629866	-0.0548010917	0.0129490551	-0.0475093177	0.0164995496	0.0111054771	0.09823687810000001	0.07191443	0.0065690464	0.0647380221	0.0036497112	-0.1504107578	0.0794745845	0.042657648099999994	-0.0122872536	-0.0017534463	0.110621577	0.0641585786	0.0947160052	0.0694802068	-0.0190481547	0.0012546312	0.039498612200000005	-0.0834877391	-0.0726162524	0.038659596	0.0440660104	0.059877839100000003	0.029908496099999998	-0.0516495982	-0.0974005109	0.0569753426	0.10842639050000001	0.051413556900000004	-0.0497582788	-0.0656335557	-0.0613149358	-0.0042433959	-0.0557987973	0.143568406	-0.0313789118	-0.04362092	-0.059592697300000004	-0.097115855	0.001452294	-0.0040849306	0.0063838644	0.033134033199999996	0.0842374323	0.033152515	-0.0085216263	0.0349555081	0.08932476550000001	0.0158994794	0.048224023	0.028541563399999997	-0.1019115347	0.033053026	0.0665399072	-0.0480309675	0.014770698	0.0067311424	0.0749746112	-0.0507905395	0.0048394917	-0.0055674984999999995	-0.0946779417	0.1125891359	0.0613794874	-0.036560723999999996	-0.1002656516	-0.0369435925	0.0275923206	-0.0105586106	-0.1150432686	-0.0415075065	0.0170999447	0.0792042152	-0.010875299	-0.04414132	-0.0562841988	0.0100514181	0.031229951800000006	-0.0590209554	-0.0863872384	0.0205035539	0.0999437377	-0.0312975463	-0.034976344300000003	-0.11016124990000001	-0.1450649501	0.0390762897	0.0898629685	-0.1072566746	-0.10006323869999999	-0.0431253031	-0.0104257335	-0.0583280887	-0.010115566	-0.0054991653	-0.047198204	0.1016070515	-0.0080019394	-0.058727225099999995	0.0554755556	-0.0751489988	-0.0710877371	0.1121468633	0.014015123999999999	-0.0008637078999999999	-0.0207470751	-0.0039493997999999995	-0.0558558854	-0.10523626929999999	-0.0207946716	-0.1746845975	0.0468153066	0.0107333322	0.0177253656	0.0324151378	-0.0032731001	-0.09196017949999999	0.0135691609	-0.0036313865	-0.09202367880000001	0.0247552379	0.0073289836	-0.056537081100000004	-0.0374656689	-0.043246450199999995	0.0783967557	0.0320355658	-0.026075837799999998	-0.0746229756	-0.0957994116	-0.0214059	-1.8500000000001154e-05	3.4225000000004274e-10	0.0004582125548100001	0.00369621	-0.008469589999999999	1.36619683641e-05	7.173395476809999e-05	0.042971	0.015798099999999992	0.001846506841	0.0002495799636099997	-0.0014145300000000006	-0.00017864000000000074	3.191224960000026e-08	2.000895120900002e-06	2.20837e-05	-0.00010653230000000002	1.1349130943290004e-08	4.8768980569e-10	0.000467833	0.00012334200000000005	2.1886771588899999e-07	1.5213248964000003e-08	0.0	0.0	0.0	0.0	0.0	0.0	0.0	0.0	0.0	0.0	0.0	0.0	0.0	0.0	0.0	-0.3952492055	-0.9601728593	-0.1327969507	0.2021872714	-0.8080975304	-1.442213447	-0.2306736706	-0.4469143338	0.05020934781	-0.5107552412	-0.8716156955	-0.538232504	-0.9654147236	0.304012112	-0.5628098129	-0.8732725279	-1.731889079	-0.1770804583	2.033544627	1.367431739	-0.03739181967	0.9283419463	0.9142774823	-0.357814437	0.4650194331	0.677741267	-0.2624446378	0.5166053269	0.4725030688
910.3704914063361	-1.0848346772406785	828774.4316234139	1.1768662769438871	671.2820018631436	-1.3679620736227207	450619.52602538955	1.8713202348701736	652.0709155366279	-0.20780184611078312	425196.47888877615	0.04318160724704959	1.1413879999999998	18.993027	0.038877205	-0.059338500999999995	-0.0338772216	0.09969967699999999	-0.016421003700000002	0.0785580113	0.0482134288	0.024772178	0.0161608267	0.0385808963	0.0656082368	0.051131656100000006	0.0138948997	-0.008049558299999999	0.0233911196	0.0720609726	0.0168618531	-0.024674961800000002	0.0008362331	0.0699868868	0.0033516763	0.041392603199999996	-0.050241796799999995	0.0494472934	-0.09354412710000001	0.012672016699999998	0.1426843988	0.017388406999999998	-0.0726742224	-0.017772076100000003	-0.1107753233	0.0221071712	-9.95766e-05	-0.09105565410000001	0.006563254399999999	-0.0710971842	-0.0058218023	0.1002196746	0.0570504895	-0.060175471200000004	0.028371937799999997	-0.11024782359999999	0.0039644434	0.042953897000000005	0.0266028066	0.020230455	-0.0178549526	-0.0225926748	-0.044772264900000004	-0.0264272397	0.013835876399999999	0.103220337	-0.0318973255	0.11339782429999999	0.0873373225	0.022126766699999998	0.0694084592	-0.061096180199999996	-0.0349093754	-0.009090877800000001	0.036228985400000004	-0.0002516018	-0.1124776827	-0.1219674797	0.1107704019	0.0278803779	0.2314188458	0.08657433519999999	-0.045996475099999996	0.032581378	-0.0232400088	0.11524619720000001	0.0201112476	0.0593247731	0.049080532	0.024356357599999996	-0.0514263205	-0.0667758016	0.0304065348	-0.0018014256	-0.0541073616	0.014573390700000001	0.0742632128	-0.0502850367	-0.025682152200000002	0.0160495657	0.03675341	-0.07911856469999999	0.0068092275	2.7673e-06	0.06314914769999999	-0.0536752257	-0.015820758600000002	-0.033508716	-0.0103236699	-0.030701519700000002	-0.028181588100000002	0.0303324767	-0.0610982484	0.045421986399999996	-0.0125124498	0.0226564487	-0.0284080629	-0.08462094519999999	-0.07559961679999999	-0.0528349531	0.0170915013	-0.1371036973	-0.08604403699999999	0.07718262990000001	-0.10896214550000001	-0.0019941087	0.002573945	0.119167379	0.057342219000000014	-0.11271782949999999	-0.039178833999999996	0.0275498484	-0.017833943	0.0012186010000000001	-0.0257779858	-0.0269263205	0.0825515113	-0.0085995342	-0.035964399300000005	-0.09098045449999999	0.0196679033	-0.0651078062	-0.0491049881	0.0577931774	0.02605001	0.10996069050000001	0.1194444971	0.1391045105	0.0096791854	0.09903909300000001	-0.0384402404	-0.0181054135	-0.1271117554	0.059105093399999996	-0.0349394452	-0.020002424799999998	-0.005685259399999999	0.1195100206	0.1744581934	-0.1523049437	0.0797917116	-0.0054246369999999995	0.0265955385	-0.06522295809999999	-0.0062205589	0.022059293900000002	-0.0921014367	0.0059683485	0.0156957036	0.0775863408	0.029402087200000007	-0.0300628542	-0.0779935916	-0.09600055689999999	-0.013000200000000005	0.008405699999999997	7.065579248999994e-05	0.00016900520004000012	-0.0013050300000000006	-0.0050012400000000005	1.7031033009000015e-06	2.5012401537600005e-05	0.056403	0.013432	0.003181298409	0.000180418624	-0.0014145300000000006	0.0	0.0	2.000895120900002e-06	0.00013807200000000002	0.00011598830000000002	1.3453285736890004e-08	1.906387718400001e-08	0.000343056	-0.00012477700000000002	1.1768741913599999e-07	1.5569299729000006e-08	0.0	0.0	0.0	0.0	0.0	0.0	0.0	0.0	0.0	0.0	0.0	0.0	0.0	0.0	0.0	-0.5584624518	-0.7995965299	-0.01824525356	-0.7005827215	0.2435440237	0.2419720996	-0.2467366825	-0.1812633108	-0.6792943304	0.1300261607	0.5746169008	-0.2229456219	-0.8017989444	-0.002330873882	-1.463350787	0.9838624733	-0.6780035594	-0.2216232047	0.167047484	-0.3249347347	1.486455563	0.02584305362	0.6582268703	0.9991646347	0.4497923165	-0.6276098884	-0.5177556625	-0.1884475023	-0.5121288275
907.9156579849976	-2.4548334213385488	824310.8420143309	6.026207126520724	670.8218842043959	-0.460117658747663	450002.000327536	0.21170825989143086	651.9853730518374	-0.0855424847904942	425084.9266735437	0.007317516704131931	1.032394	17.17934	0.0610592	0.0635063349	0.0833904585	-0.0061879751	-0.0213323803	0.0414430003	0.1012280009	-0.0577160332	-0.0303807234	-0.010664704399999999	-0.0783619289	-0.07621534519999999	-0.0268528981	0.0256372085	0.011144679099999999	-0.0073274739	0.0169150948	-0.04213167809999999	0.0662610714	-0.0020201675	0.036773784	0.0027953666	-0.060289191299999996	0.056385773499999986	0.0855021875	-0.0701090202	0.0410230716	-0.0416655028	0.0295560804	-0.015986053	-0.0014847929999999999	0.0140746979	-0.08777734	0.0319209959	-0.0009214819999999999	0.047270223300000004	0.102139384	0.06812271019999999	0.09381115400000001	0.047901434699999995	-0.0274307026	0.0736351611	0.0427622643	-0.0382612874	0.08462425960000003	-0.047424594	0.0100164012	0.0622428996	0.049618462300000006	0.011967745600000001	-0.0705411921	0.068698503	0.046805749699999996	0.0004104588	-0.0106142268	-0.0243188183	-0.047895231100000005	-0.0332331318	0.0574426725	0.023038626	-0.08971543380000001	-0.047656689800000006	-0.011297940800000001	0.0313532734	-0.1078539303	0.0079436555	0.0325520347	0.023204455	0.0156883928	-0.0985068591	0.1300671384	-0.0515068158	-0.019488943300000002	-0.02050629	-0.0044897234	-0.0950828324	0.0777679626	-0.022661093900000002	-0.0556566035	-0.0048647601	0.0243980707	-0.0073160953	0.0198934799	-0.10763903949999999	0.005724359	-0.025893947999999996	-0.027705418	0.1063770394	-0.034115721099999996	0.024264802999999998	0.0317494203	0.0543335257	-0.021580232	0.0525852426	0.0643361343	-0.0416162869	0.0155859984	0.0769368665	-0.017623290700000002	-0.0675138119	-0.048729866600000005	0.0463360254	0.0694319076	0.035330366099999996	0.0286416229	0.0272988039	0.0542041259	-0.0564205951	0.0530521621	0.04646180230000002	-0.0086696428	-0.0932221381	-0.0962849277	-0.1409365193	-0.030637515	-0.0393333912	-0.0638283048	0.0077575362	0.0088475736	-0.0769180607	0.0423534666	0.011723568899999998	0.0021834034	0.044220862	-0.0715916132	-0.0195237415	-0.0872938723	-0.10729185220000001	0.0054892465	0.0221529331	-0.0241302076	-0.08972136130000001	-0.05153729940000002	-0.0757599645	-0.067804291	0.025439803700000003	-0.0184187047	0.06985188120000001	-0.012161286100000002	-0.0167358028	0.008147888399999999	-0.0395935782	0.032024139199999996	0.011499779	-0.0205027026	-0.0293569072	0.0009091381	-0.0660421697	0.0582382274	0.0766920693	0.0385867021	-0.06794448410000001	-0.0497112943	-0.0317669203	-0.0551835656	0.0767596645	0.0267439602	-0.0339931704	-0.081102728	-0.0956988917	-0.0214362	-0.008435999999999994	7.116609599999989e-05	0.00045951067044	-0.008201079999999998	-0.0068960499999999965	6.725771316639998e-05	4.755550560249997e-05	0.0518696	-0.004533399999999993	0.00269045540416	2.0551715559999932e-05	-0.000920099	0.0004944310000000007	2.4446201376100066e-07	8.465821698010001e-07	0.000368042	0.00022996999999999994	5.288620089999997e-08	1.3545491376399994e-07	0.00044253	9.947399999999999e-05	1.958328009e-07	9.895076676000001e-09	0.0	0.0	0.0	0.0	0.0	0.0	0.0	0.0	0.0	0.0	0.0	0.0	0.0	0.0	0.0	-0.3738724928	-0.9218298598	0.4389989392	0.004570486125	-0.7111885531	-0.5477798879	-0.182723333	-0.5514634251	0.03369680012	-0.2674423142	0.6387563514	-0.9976567505	-1.112262926	-0.2527395369	-1.756374778	-0.006884360524	0.9048839953	0.003097498228	0.7961801753	-0.2693309107	-0.5709730403	-1.571725451	0.1789590606	-0.2797227351	-0.2671268495	-0.5497630762	0.822793331	1.555201591	-0.07799366536
914.110772001728	6.195114016730487	835598.5034895953	38.37943768029053	672.6320882729729	1.8102040685769225	452433.9261744603	3.276838769892444	652.6275619424391	0.6421888906016875	425922.7346069322	0.4124065712122261	1.046114	17.407635	0.08379251	-0.0632970053	-0.1018668693	-0.0201977738	0.0326229045	0.0506827693	-0.0937820726	0.0512158062	-0.030257277200000002	0.0406530142	0.048535855	-0.0215252075	-0.0627516009	0.0060525497	-0.0111504494	0.0835699125	0.005323093599999999	0.0311311752	0.12494705730000001	0.002561328	0.0034999094	0.0067286842000000005	-0.047359850599999996	0.0551111233	-0.0346860077	-0.11649117769999999	0.05662833110000001	-0.0501234117	-0.0491930499	-0.0461622946	-0.0054881873999999995	-0.0365403026	0.0381053424	-0.1134087935	0.1112860172	-0.0645093204	0.0355503412	-0.1311198536	0.010514002199999999	0.0713857641	0.0298776209	0.1175083672	0.0646460633	0.0520360832	-0.0851753661	-0.0143435917	0.0881685704	-0.0060918219	-0.0493795667	0.046362494000000004	-0.041510157799999996	-0.0166029898	-0.0346291126	0.0570888347	0.024821122999999997	0.054609880599999994	0.018024989499999998	0.011454498	-0.0091418099	-0.025926182599999997	0.0459817416	0.10498982779999999	0.014216373000000001	-0.0409420391	-0.0194280041	0.0426558737	0.0113327627	0.1274402529	0.047051738499999995	-0.08969160550000001	-0.0104584816	-0.09401552369999999	-0.0369460244	0.1386060017	-0.0217782581	0.11002813869999999	-0.034492314700000005	0.0029193889	0.0205630577	-0.0239313713	0.035131596699999997	0.0649962346	0.038460722	0.0851844168	-0.030870227000000007	-0.027476591	0.0474531641	-0.039375968399999996	0.05638895400000001	0.0344934894	0.0707926832	0.002611639	-0.0753940895	-0.0595029316	0.0683522991	0.040693047	0.0036613622999999997	0.085917022	-0.023331054599999998	0.035669528	-0.0442064541	0.0487746708	0.0213966106	0.0629681404	0.0082547014	0.045882687000000005	0.0085934338	-0.0381603575	-0.0965922557	0.0177168403	-0.018035691	0.0551327941	-0.07073158639999999	0.0601978138	6.3289e-06	-0.1648258	-0.0198208354	-0.060257066399999996	0.0975772036	0.021587767799999998	0.0477746796	0.0916861811	0.0097232389	-0.0289305767	0.043354900700000004	0.0556827587	0.054254328	0.061381106399999996	0.0324898369	-0.0320759895	-0.018996334	0.0758235698	0.0740135956	0.003826445300000001	0.1160065337	0.0353929067	-0.0613180704	0.0737627975	0.0170163761	0.05644651360000001	0.0644762165	0.0457320705	-0.025182839300000003	-0.10009593609999999	-0.0512589574	-0.0455011585	-0.009918344	-0.0837224981	1.86035e-05	0.0350886182	-0.048905803	0.0145813514	-0.05543649230000002	-0.0443819912	-0.0410647244	0.0759169001	0.0240634131	-0.037859373599999996	-0.0839399613	-0.0948959959	-0.0213731	6.309999999999996e-05	3.9816099999999945e-09	0.00045680940361	0.027784	0.03598508	0.0007719506559999997	0.0012949259826063994	0.054146300000000015	0.0022767000000000065	0.002931821803690001	5.18336289000003e-06	-0.00146498	-0.0005448810000000001	2.9689530416100014e-07	2.1461664004000003e-06	7.61254e-05	-0.0002919166	8.521530135555997e-08	5.795076525159999e-09	0.000515085	7.255499999999997e-05	2.6531255722499995e-07	5.264228024999996e-09	0.0	0.0	0.0	0.0	0.0	0.0	0.0	0.0	0.0	0.0	0.0	0.0	0.0	0.0	0.0	-0.4480339582	-0.9859483983	0.2010766133	-0.09505970303	-0.8841438085	-1.283727181	0.1296261602	-0.5232958738	-0.7977919727	-0.5298111705	-0.4541197739	-0.3241438209	-1.297712516	0.03493997516	-0.01536477621	0.8621319466	-0.2758812931	0.9181616386	-0.09804965716	1.716664636	1.730832973	1.086394659	-0.04493123448	0.8359035274	-0.2643762154	-0.2778879538	-0.7710151736	1.73072811	-0.4002118787
910.2728328801054	-3.83793912162264	828596.6302795723	14.729776701281557	671.8047887403299	-0.8272995326429964	451321.6741744392	0.6844245167113202	652.0039313792395	-0.6236305631996402	425109.126533984	0.3889150793567004	1.287982	21.432388	0.06900034000000001	0.060205494400000004	0.0316245597	-0.0104610712	0.0352745318	0.0706541396	0.0288943764	-0.011658773600000002	-0.013801862600000001	-0.1030358564	0.0195149472	0.0031857167999999997	0.0780501729	0.018575488	-0.0333260659	0.0941201345	-0.0162718108	0.070534864	-0.01110409	0.0006506051999999999	-0.06337636740000001	0.0472708301	-0.09975711429999999	-0.0250597491	-0.0229227314	-0.0733392405	-0.0171354209	-0.045035919699999996	-0.005949599	0.0152619378	-0.001263859	-0.055215164000000004	-0.0419471481	0.0081572116	-0.011978558500000002	-0.038136198999999996	-0.0098898822	-0.079099535	-0.0059655338	-0.0031330605999999998	-0.0168853284	0.0236169094	0.0505058544	0.0326929054	-0.043654745	0.0038217840000000004	-0.0920718676	0.0169542724	-0.0127079778	0.0433617144	-0.012875329599999999	-0.06080839530000001	0.14349134300000002	0.0639664812	0.0337524555	-0.015819099099999998	-0.1242754061	-0.048702044800000004	-0.0972156082	0.0346875343	-0.0161410476	-0.0578977934	0.1057401567	0.0945837996	0.0602503638	-0.0800130614	-0.0156172247	-0.061221641500000014	-0.0038894093	0.0017101903	-0.1182173739	-0.0089754256	-0.020955509599999998	0.065515189	-0.0396617286	-0.0715692602	-0.0332728616	0.045498600099999995	0.0228507012	0.0443360358	0.0071231958	0.0731911877	0.0260182177	-0.030356265099999998	-0.012116860600000001	0.031584887400000004	-0.08847432050000001	-0.029045714500000007	-0.042619896100000006	0.09295825740000001	-0.0306996614	-0.07336498799999999	-0.011980831599999998	-0.0581080603	-0.0277312604	0.044300699999999985	0.077082144	0.0481510324	0.009709804300000001	-0.014987788200000001	-0.1207463155	-0.0199199036	-0.013519553	0.013598027	0.013226256	0.053975148	-0.07428906910000001	-0.045123677800000005	-0.017998784099999998	0.031173025	0.0250745845	0.0511349648	0.0090596458	0.039855451	0.0204147791	-0.0091759367	0.0188099675	0.0014852756	0.0161528425	0.052262636200000004	-0.007656869300000002	0.027358633900000002	-0.0418514012	0.036898543900000004	0.0837519604	0.0068472119	0.029343916400000006	-0.05149484730000002	0.1155302517	-0.015813370900000002	-0.1568036397	0.0415936467	-3.58109e-05	-0.143264537	0.0173798451	0.08835690460000001	0.0084261201	-0.0457019512	-0.015304386100000001	-0.0768724275	-0.078276791	-0.1203913541	0.0426622217	0.0172532423	-0.0092163752	0.0482968312	0.0036944748	0.0047863331	-0.0678828816	0.008420991800000001	0.0696562578	-0.1520102591	-0.047474627699999994	-0.0071905278000000015	0.0751214934	0.0750582242	0.0213626933	-0.0416541719	-0.0864957792	-0.0935960747	-0.021454	-8.090000000000179e-05	6.544810000000292e-09	0.000460274116	-0.00249501	-0.030279009999999995	6.2250749001000015e-06	0.0009168184465800996	0.0705651	0.016418799999999997	0.004979433338010001	0.0002695769934399999	-0.00146498	0.0	0.0	2.1461664004000003e-06	0.000421614	0.0003454886	1.1936237272995998e-07	1.7775836499600002e-07	0.000416141	-9.894399999999999e-05	1.7317333188099994e-07	9.789915136000002e-09	0.0	0.0	0.0	0.0	0.0	0.0	0.0	0.0	0.0	0.0	0.0	0.0	0.0	0.0	0.0	-0.5946821419	-0.9153150159	-0.02104345424	-0.9337678618	0.02803958216	0.4192488439	0.004729686209	-0.4267286506	1.335121087	0.232878364	0.06851688115	-1.424418759	1.670676168	1.521107319	-1.209296681	0.1200269351	-1.025377353	0.2842276102	0.437143008	0.1648257354	0.6693393059	-0.5783598086	0.6244583889	-0.4978541629	-0.144442585	-0.1873203614	0.1921201249	-0.01844594324	0.2229871962
906.4134194150876	-3.8594134650178376	821585.2868957516	14.895072293960993	670.625966608004	-1.1788221323258767	449739.1870889197	1.389621619661327	651.095662553553	-0.9082688256864913	423925.56179605005	0.8249522597139178	1.169984	19.468866	0.036219360000000006	-0.029842077	0.0330497198	0.049864665999999995	-0.11564188439999999	0.0444154533	0.0883082763	-0.0241491977	-0.0040244295	0.06926034889999999	-0.0030524535	-0.022469600899999997	0.0026122335	-0.052019062000000005	0.0263669361	0.0274220641	-0.0368178805	0.0032166720000000003	-0.0214045027	-0.060876048499999995	-0.029704808399999998	0.0037212459999999997	0.033082533399999996	0.06066784610000001	0.0344313058	-0.0655428728	0.0085669362	-0.06391616650000001	-0.002985409	0.0519200904	-0.0488467091	-0.060148532699999986	-0.0008014941000000001	0.042007219500000005	-0.1263718036	-0.06873135820000001	0.0628238349	-0.050725032999999996	-0.0178352959	-0.0200104053	0.0953784416	-0.1146681143	0.014386420700000001	0.1074295824	0.0206506038	0.0820349569	0.0607949771	0.0098159679	0.1140002574	0.0130474335	-0.040623495600000004	-0.0021085597	-0.018603139299999998	0.013404288	0.06431283110000001	0.1351441143	-0.0294421369	-0.08741881650000001	0.0705505223	0.0109779026	-0.0564828125	0.024415624900000002	-0.0400314127	0.0639703993	0.043810929000000005	0.0156577299	0.1332919568	0.043331412199999995	-0.090784794	-0.10139129279999999	0.0104991973	-0.0575330479	0.053050808899999996	-0.047352735800000004	0.0498009186	-0.0063034569	0.0394708345	-0.09048923910000001	-0.0161337954	0.0763057633	-0.0846611946	0.031880976	-0.022835723199999998	-0.1006412295	0.0091307041	-0.031154062599999997	0.0573246501	0.0091024993	0.0185724227	-0.0157891925	0.026389533700000002	0.0181859501	-0.0102727051	0.006290001999999999	-0.017898715200000002	0.057728724400000014	0.0337490448	-0.0221406679	-0.013013083500000001	-0.027632430899999998	-0.0245135938	0.0998647634	0.06582660580000001	-0.0401275656	0.0053108669999999995	0.08371381929999999	0.010944131999999999	0.0406757521	0.004377749199999999	0.046119094699999995	-0.1598538163	0.07794943929999999	0.0179598057	0.044696142300000005	-0.0347596911	0.1408949348	-0.0814212517	-0.0259116458	0.019521738700000003	0.0132324752	-0.0203689501	0.15068734720000002	0.1145392159	0.0024812234	-0.0286783958	0.024900855899999998	0.0267747418	-0.0601695326	0.024969666600000003	-0.0976054186	0.0112902829	0.08534602300000001	-0.12624923970000002	0.0247145289	0.10107334039999999	0.062381785499999995	0.005880100300000001	-0.0125702329	-0.0160762202	-0.0430124003	0.0779485855	0.0348602546	-0.0149862088	0.070215423	0.1376627365	-0.0550290055	-0.10060915039999999	-0.0179526741	0.0304709821	0.0263617539	0.076001357	-0.0151688665	0.0717172283	-0.1694365386	0.042659582300000005	0.0741838168	0.0186440646	-0.045370408099999995	-0.0887616133	-0.0918059366	-0.02149	-3.6000000000001316e-05	1.2960000000000942e-09	0.0004618201000000001	-0.00818652	-0.0056915099999999995	6.701910971039999e-05	3.2393286080099984e-05	0.0634091	-0.00715600000000001	0.00402071396281	5.120833600000014e-05	-0.00100108	0.0004639000000000002	2.152032100000001e-07	1.0021611663999995e-06	0.000421614	0.0	0.0	1.7775836499600002e-07	0.000418958	2.8170000000000647e-06	1.7552580576400007e-07	7.935489000000364e-12	0.0	0.0	0.0	0.0	0.0	0.0	0.0	0.0	0.0	0.0	0.0	0.0	0.0	0.0	0.0	-0.4501107026	-1.024526937	0.4141802465	-0.3307090788	-0.381115278	-0.0205775372	-0.1196526409	-0.294641201	-0.1490541789	-0.1346822925	1.333692806	-0.3720334522	-0.2131065559	-0.955645914	-1.364376589	0.6608586129	-0.294371179	-0.3718180502	-1.283169721	-0.2674157726	0.1396648108	-0.4873798347	-0.6551558147	-1.054840784	0.7547726651	0.9700459489	0.7272637153	0.6170369333	1.185171017
910.0357959179963	3.622376502908765	828165.1498521011	13.121611528825529	671.6961535292796	1.0701869212756492	451175.7226660296	1.1453000464694525	651.7347240772881	0.6390615237351085	424758.1505680988	0.40839963111863853	0.99348	16.531792000000006	0.09296567	0.0496389979	-0.055868208499999995	-0.0257227754	-0.0243538795	0.0238015933	-0.0682191972	-0.0074040120999999985	-0.0745551626	-0.002193189	0.0140825669	-0.057286992599999996	0.0114834669	0.0527729759	0.0666519347	0.0004506232	-0.0054354179	0.12436243609999999	-0.011643868500000001	-0.0094874415	0.0025247781	0.0242912508	-0.0144730021	-0.0155571934	-0.036535651	0.0026953251	-0.043503821399999996	0.0997638348	0.0060079849	-0.032660354700000005	-0.0481569104	0.0530752165	0.0075804177000000006	0.042844643499999994	0.0074360787	-0.08175677320000001	0.0383092388	-0.0745730676	0.0698822119	0.0412800696	-0.006887300600000001	0.0575040971	0.0043203256	-0.0162849431	0.0651388493	0.1273667717	-0.060588521799999996	0.059854358899999995	0.1314870705	-0.0200410198	0.046796576799999996	0.030619590800000002	-0.0336427671	-0.09804601140000001	0.12269580279999999	-0.045374345499999996	-0.0385852075	0.0716453629	0.006017057199999999	0.028672063799999998	0.022812269700000002	0.0196237137	-0.0383045241	0.0009959438	0.0099484795	-0.032370190699999996	-0.0828428639	-0.1121412831	-0.0300243901	0.042073784	0.0098360588	0.0701826356	0.0846244878	0.1216113473	-0.0761228539	0.048683980999999994	-0.0181036352	-0.0011543604	-0.0138427975	0.0190028023	0.0964862573	-0.0083346562	-0.037521659900000004	0.0569271162	0.0001817625	-0.0704786976	-0.038626327599999996	-0.0026813426	-0.0858538616	0.0077216616000000005	0.0276093413	0.0472979125	-0.0342471774	-0.08483836369999999	-0.0382808724	0.0704136538	0.00018699939999999998	0.0835535398	0.0430803854	0.0691299666	0.0404030559	-0.042019464699999995	-0.0046526392	-0.0169194549	-0.08351458980000001	0.0246100303	-0.0314875888	0.0978330219	0.0281783489	-0.0004856726	-0.0493478614	0.1172089716	0.0643428416	-0.1403885561	0.0631743243	-0.0239941896	0.0303517479	-0.0616641344	0.066288239	-0.0091177034	0.0070369187	0.0255885123	-0.0739972259	0.046570983600000004	-0.0942498192	-0.0171877727	-0.026523618500000002	-0.022049899799999998	-0.0012754607	-0.0006964655	0.019800177	0.021261212400000003	-0.0041882962	-0.0925863436	-0.030187512200000002	-0.0525615991	0.0064852924	-0.1696213243	-0.0571908057	-0.0038626892	-0.0348715922	0.05252916	0.0578683676	-0.020350541399999998	0.09392931759999999	0.0647198054	0.095851245	-0.0557023249	-0.1408878075	0.062071848799999996	-0.0127036283	0.0818639423	-0.026329256699999998	-0.0773036318	0.0523156951	0.07329386110000001	0.0159098063	-0.0490010732	-0.09072986720000001	-0.0895349577	-0.0214056	8.44000000000053e-05	7.123360000000896e-09	0.0004581997113599999	0.0361673	0.04435382	0.00130807358929	0.0019672613485924003	0.0706222	0.0072131	0.004987495132839999	5.202881161e-05	-0.00159967	-0.0005985900000000003	3.5830998810000023e-07	2.5589441089e-06	0.000211524	-0.00021009	4.41378081e-08	4.4742402576000013e-08	0.000436565	1.7606999999999942e-05	1.90588999225e-07	3.1000644899999794e-10	0.0	0.0	0.0	0.0	0.0	0.0	0.0	0.0	0.0	0.0	0.0	0.0	0.0	0.0	0.0	-0.513584315	-0.9767955735	0.594209197	-0.1870651486	-0.9772217359	-1.576574515	-0.606967796	-0.5153753483	0.4589048277	-0.825166316	-0.2707427989	-0.7842869667	1.02150073	-0.3560261489	-0.2635063953	0.9171588967	-0.5283494728	0.9328086638	-0.6547139765	1.554710653	0.2590252203	0.5081267978	-0.4676343719	0.1744713083	-0.7895782201	1.161537415	-0.2278672065	0.5801864904	1.091166924
910.3327796507007	0.29698373270434786	828705.7697065711	0.08819933749100753	671.2479851013156	-0.44816842796399214	450573.8575025761	0.200854939823716	651.8671665319856	0.13244245469752516	424930.80280243955	0.017541003806305997	1.132108	18.8386	0.08053453	-0.0566700225	0.1198850403	0.006052985899999999	0.0198617733	-0.0213506859	0.0844209773	0.0486449132	0.0521393367	0.0227554241	-0.0107658729	-0.0113300806	0.06841404820000001	-0.0174517839	-0.024441925099999998	-0.0094137761	0.0295748235	0.061373886399999994	-0.07094047889999999	0.0430141382	-0.0324525779	-0.1238378216	0.12672424640000002	-0.0105188858	0.07909093639999999	0.0198096837	0.025975489900000003	0.007135649100000001	-0.0347170697	0.0012593125	-0.1177806458	-0.0079506795	-0.07563881230000001	-0.0326545313	0.0671614837	-0.1469081335	0.0025994198000000002	0.0313889989	-0.093132525	-0.032153321	0.0700294054	0.030130569700000002	0.09249785960000001	-0.053835	-0.0446383192	-0.0261225148	0.1079536745	0.0620042312	0.0240953704	-0.0653741738	-0.08075874549999999	-0.0641806151	-0.0183610014	0.0251126102	-0.0093060654	-0.08516725060000001	-0.112561065	0.014625745700000001	-0.0106763342	0.050691930700000006	-0.0105859157	-0.0248643102	0.0143130583	-0.0256563826	-0.0119214855	-0.1529555184	-0.0523236655	0.035852096	-0.0161599666	-0.0568096579	-0.0994793042	0.0638118006	0.0544699055	-0.11360533099999999	0.1163410161	-0.0489495513	-0.0036481123	0.0190303342	-0.0456588424	0.0215494925	-0.0134403176	0.0149277704	-0.0824179532	-0.0626258511	-0.0371017561	0.041774445	0.0715453383	-0.0035303869	-0.0266854139	0.0297705521	-0.0614539925	-0.0089677465	0.013254728899999998	-0.055593927300000005	-0.0259970865	0.025574863399999998	-0.0832948254	-0.1689298208	0.1274009911	-0.043716661600000005	0.0478655557	0.0207028497	0.0202966961	-0.0745183941	-0.08336773559999999	-0.0192695926	0.036656884199999996	-0.0082271137	0.0698584702	0.1528985021	0.0327550873	0.0482037454	-0.025345280499999998	0.046183095599999995	-0.0407575455	-0.0984772876	-0.031278499	0.0104777213	-0.046272506799999995	0.1148456004	0.0019236997	0.1117307695	-0.0323757819	-0.0218350738	0.0121949898	0.0888265963	-0.046050769400000004	0.0432669563	-0.0092097094	-0.09008371130000001	-0.0103158496	-0.013003889	0.0349395968	-0.11925362390000001	-0.0501003855	0.0934795509	-0.0423248729	-0.0380339675	0.008567277199999999	-0.06383333599999999	-0.0579202729	-0.0225658068	0.0757304518	-0.0078781862	-0.0421086787	0.10067933230000001	0.0196430064	0.10970626300000001	-0.1003500683	-0.0051105313	-0.0242864644	0.0336148806	0.0483811108	-0.0555891106	0.0655635146	0.07238854360000001	0.0131622105	-0.0525393196	-0.09239394210000001	-0.08679503220000001	-0.0214288	-2.3200000000001e-05	5.382400000000463e-10	0.0004591934694399999	-0.008243429999999998	-0.04441073	6.795413816489998e-05	0.0019723129391328994	0.0992231	0.028600900000000005	0.009845223573610002	0.0008180114808100008	-0.0017139	-0.00011422999999999987	1.3048492899999974e-08	2.93745321e-06	0.00018629	-2.523400000000001e-05	6.367547560000003e-10	3.47039641e-08	0.000426035	-1.0529999999999969e-05	1.81505821225e-07	1.1088089999999935e-10	0.0	0.0	0.0	0.0	0.0	0.0	0.0	0.0	0.0	0.0	0.0	0.0	0.0	0.0	0.0	-0.6993065939	-1.218021561	0.03282949292	-0.4822125633	0.3149682522	0.1519198008	-0.8918881775	-0.3393316406	-0.3558317188	-0.06531482222	-0.2648874321	-0.6968332333	-0.04830223772	-0.2091503527	-1.206562096	-2.432215826	-0.3903253793	-0.1409879488	1.363788002	-0.4091760084	0.7432506683	-0.07377218792	0.1305973083	-0.5356819079	-0.3826258249	0.7942720945	0.5034539063	0.7630937319	-0.1218543294
908.4594503837536	-1.8733292669470532	825298.5729915517	3.5093625424003827	670.8918932057218	-0.35609189559386323	450095.93236915756	0.12680143810763078	651.1392709363395	-0.7278955956461459	423982.35015550774	0.5298319981610575	1.242385	20.673643	0.08448967	0.0344496606	-0.0897605052	0.08691126390000001	-0.040893768399999995	-0.0074271338	0.012112433	-0.055376114299999994	-0.0633583165	0.035964354	0.0659125607	0.0155607348	-0.015394040800000001	-0.029709815	0.0755860228	0.049890951100000004	0.0355672177	-0.11599874880000001	0.060744278	-0.016147862199999998	-0.0389022142	-0.1001625334	0.0121417324	-0.0580177001	0.1471716961	0.0329041961	0.0061092206000000005	0.0095366364	0.013511868500000001	7.48938e-05	-0.025224882400000002	0.1299672904	0.1407930664	0.1308747573	0.0029594182	-0.0205089626	0.0335076791	-0.032586901099999996	-0.07945973099999999	-0.0128508401	-0.049087889100000004	0.13360042449999998	-0.050179997999999996	0.0439612321	0.0580737645	-0.0736946628	-0.058825202699999996	0.13900899419999999	0.010369118	-0.0158251137	-0.0480341335	-0.07786192410000001	0.020957097	-0.0246098972	0.0456588962	0.042350373	0.0031998694	-0.022034149500000003	0.055782337300000005	0.0642395224	-0.0439499076	-0.08976328630000001	-0.045821918200000006	-0.09075753800000001	0.0687980664	-0.0168224525	0.0396729012	0.0083483453	0.0260122248	0.1312891514	-0.0307416119	0.0473313562	0.034276674	-0.0583041465	-0.0583072484	0.0309038087	-0.0313044977	-0.11560960869999999	-0.0035668619	0.022536446800000002	-0.047226482199999996	0.0021059613	0.0492924449	-0.04205688	0.0276543332	-0.07246715769999999	0.0038363136	-0.048777225599999995	0.015453576	-0.0500008639	0.0860629084	-0.051280432	0.0067615803	0.0459328966	0.080929918	-0.1070745236	0.0866377384	-0.0703273479	0.08214141650000001	-0.13922145019999999	0.05673192940000001	0.0236335882	0.008029244100000001	-0.0393735183	-0.06408812650000001	0.0406718188	-0.1052624043	0.1115203477	-0.099178636	0.0018867554	0.0228885146	0.0211284004	-0.0449283636	-0.1085619491	-0.0074472633	0.027789460800000002	0.0484321298	0.0396277235	0.0030905092	-0.0120779197	0.11315717480000001	0.043331273600000005	-0.10142080839999999	0.050978853600000006	-0.0999278608	0.09550008230000001	0.0113456183	-0.0215149674	-0.028119952200000003	0.08449126359999999	0.0271212574	0.0033886117	0.0029061551	0.0290085814	-0.0298697456	0.0245579625	-0.0377818532	0.12315587630000001	-0.09543637880000001	0.0177445406	0.0158283478	-0.1149147842	0.09432633509999999	-0.037445184	0.005123951	-0.0611361752	0.0065544435	0.0918294902	-0.071728788	-0.0473581554	-0.044368164	-0.09885869679999999	-0.0466754349	0.06204464570000001	-0.0408345381	0.0714680542	0.0104035805	-0.0559784738	-0.0937482592	-0.0836005109	-0.0214351	-6.300000000000749e-06	3.9690000000009436e-11	0.00045946351201	-0.0234934	-0.015249970000000003	0.0005519398435599999	0.0002325615850009001	0.0601315	-0.0390916	0.0036157972922500007	0.0015281531905600005	-0.00125339	0.0004605099999999999	2.1206946009999988e-07	1.5709864921e-06	0.000229452	4.316199999999999e-05	1.8629582439999993e-09	5.2648220304e-08	0.0005251990000000001	9.916400000000006e-05	2.758339896010001e-07	9.833498896000009e-09	0.0	0.0	0.0	0.0	0.0	0.0	0.0	0.0	0.0	0.0	0.0	0.0	0.0	0.0	0.0	-0.5336616777	-0.8558583429	1.121650399	-0.2097665923	-0.3893699815	-0.379953353	0.1259212134	-0.06792093058	-1.503939687	-0.4754243348	1.122835549	0.3407014	-0.2761478385	-0.9570371952	-1.243830282	0.960322867	0.2718779979	0.3209411574	-0.7486629879	0.02294168862	-0.6125715521	0.6607798572	0.04313486828	0.3994588948	-0.9865886828	-1.800816713	-0.08529103447	1.594115196	0.6339159419
910.334886125802	1.875435742048353	828709.6048976769	3.517259222552456	672.2128132135304	1.3209200078085814	451870.06624844857	1.7448296670290229	651.7730994349793	0.6338284986397866	424808.17314707936	0.40173856568796595	1.249605	20.793789	0.070466	0.0426686032	0.0270251042	-0.0361061525	-0.0099531538	-0.028843097	-0.0567285788	0.029822612400000007	-0.0042176615999999995	-0.025084002400000003	-0.0402814193	-0.0917295471	0.0365138299	0.09595876119999999	0.0240235777	-0.0634160675	0.0766407733	-0.1063652078	0.0388736863	-0.0625265005	-0.1465264576	-0.055773303600000004	0.0148348008	-0.0061055224	0.0014342957000000002	0.0336170485	0.0929363744	0.0233714776	0.08227358	0.0200668121	0.09340376140000001	0.05846758570000001	-0.028935024	-0.1075337726	-0.1375439166	0.0181143224	0.0097129899	0.0509079775	0.08115606389999999	0.0085651253	-0.0462243411	0.0835137864	-0.024071743700000002	-0.0376585967	-0.07839007519999999	0.060419485999999994	0.0483510657	-0.1614143388	0.06434008320000001	0.11629805970000001	0.039485595299999995	0.0925177394	0.0206593703	0.0649084518	-0.046092680899999995	-0.0059406691000000005	-0.048772354500000004	0.0330590414	-0.072379236	0.0665892902	-0.0302527573	-0.0517182853	-0.005355093199999999	0.001202537	0.0117199297	0.1392286851	-0.0332119002	0.0202865102	0.0789648154	-0.0182450295	0.0096289791	-0.0197360875	0.0695007804	-0.006446631800000001	-0.0131172742	0.0070333109999999996	0.0205498535	0.0615348911	-0.0696732858	0.0329136196	0.059960773099999996	-0.0755124677	0.048587285300000005	0.0719270163	-0.014301098500000001	0.0077403570999999985	-0.04874750940000002	0.0399117278	-0.1030802845	0.0350274795	0.0509748054	0.1000024109	0.0613341268	0.050581666100000006	0.0727596259	-0.053187844500000005	0.1008967523	-0.1125101282	0.0175889946	0.0530609303	0.0133658306	0.0055674051	-0.0107777375	-0.0773682756	0.15525349289999998	-0.15576988220000001	0.0132001652	-0.1021530357	-0.0015523045000000002	-0.09340342439999999	-0.014617251299999997	-0.016037218	0.014123260700000001	-0.0971417575	0.042577686600000005	-0.0150734609	-0.0178142973	-0.01421239	0.000822057	0.066130028	-0.1141875148	-0.009797234699999999	-0.0065581754	0.0439447797	-0.0013049222	-0.11492243529999999	-0.0517519125	0.0636491025	0.17644281480000001	-0.0460095485	0.10178205929999999	0.0168155894	0.003486801	0.0136608534	-0.037371556800000004	-0.0059481203	0.050250384800000006	0.0291781354	-0.044561545099999995	0.0845171673	0.0518628127	-0.0205722661	0.0362980635	-0.1360555794	-0.058991289100000004	-0.13484304800000002	-0.0324274171	0.0346843311	0.0201150944	-0.0722955918	0.0497583571	0.0095501644	0.0621252949	0.0325618422	0.0661211562	0.0705325857	0.0076362289	-0.05931204950000001	-0.09478827779999999	-0.07996812519999999	-0.0182682	0.003166899999999997	1.002925560999998e-05	0.0003337271312400001	0.014580700000000004	0.0380741	0.00021259681249000007	0.00144963709081	0.0743495	0.014217999999999996	0.00552784815025	0.00020215152399999983	-0.00148526	-0.0002318699999999999	5.376369689999996e-08	2.2059972676e-06	0.000161182	-6.827e-05	4.6607929e-09	2.5979637124e-08	0.0005251990000000001	0.0	2.758339896010001e-07	0.0	0.0	0.0	0.0	0.0	0.0	0.0	0.0	0.0	0.0	0.0	0.0	0.0	0.0	0.0	0.0	-0.4775507728	-1.249951928	0.2816338176	-0.1665923604	-0.7308447953	-1.790373163	-1.07576105	-0.4340580901	1.501363026	-0.6200040525	-0.6603769024	-1.175671324	-0.8453709084	-0.5231304907	0.0630668347	-0.6522709266	-0.7692082489	0.1106959214	0.4332522573	0.9174903143	-0.3525177409	0.9630451724	0.951611721	-0.1894691175	-0.3589691187	-0.6136654424	-0.4206571116	1.209041038	-0.2017815751
910.820457893282	0.4855717674799962	829593.906516928	0.2357799413736475	671.5609055824652	-0.6519076310651144	450994.0499067408	0.4249835594409293	653.1234932878726	1.350393852893376	426570.2974845538	1.8235635579322165	1.184504	19.710489000000006	0.05175965	-0.11554673230000001	0.0075912111	0.12201994619999999	0.0784449629	0.1151484143	0.0612566627	0.0809583762	0.09803191509999999	0.0672556927	0.1240086767	-0.0075022319999999984	-0.0613638137	0.0290043262	-0.0386239985	0.0043164924	0.0320861954	0.0880884613	0.0316763946	0.0354138191	0.0455788145	0.039883548	0.0661138765	-0.006402919599999999	-0.0251457331	-0.0630088437	0.0677806319	-0.028216907700000002	0.0269796684	0.0972678199	0.04278462809999999	0.037983253700000004	-0.0124860174	-0.028833727400000002	0.036665606	-0.029311191	0.0559524833	-0.0861759102	0.0470052354	-0.0836338462	0.0830110655	-0.065634172	-3.6919000000000003e-05	-0.0688280695	0.013451900400000001	0.0324252596	0.0455518489	0.0576995779	-0.1240049607	0.0766367907	-0.0094377001	-0.0018381616	-0.0205909829	0.0384847496	-0.016476193700000002	-0.0045398424	0.0738329363	-0.0487670937	0.0096323649	-0.0205642524	-0.0364806834	-0.14506369460000001	-0.0107896354	-0.0772449586	0.0250785229	-0.0056531087	0.0522536424	-0.012127752299999999	0.1441502818	-0.0415584327	-0.0054860468999999995	-0.1122223084	-0.0535790878	-0.1325883607	0.1355749808	0.0411293627	-0.08379516740000001	-0.05715387280000001	-0.0722489722	-0.1133870988	0.010525672199999999	0.051015133	0.0370672635	-0.0412559729	-0.0396884005	0.0892674517	0.09242157570000001	-0.1038117476	0.0528868131	0.0233215248	0.0421812083	0.0485154581	-0.0099690799	-0.0676556938	0.0430269573	0.010951053899999999	-0.0843106158	0.0340000694	0.0311715476	0.0818215482	-0.027484204900000003	0.025717692099999998	-0.0349955449	0.017938379299999998	0.0490634153	-0.0697748295	-0.0790780615	0.0170635926	-0.0220961972	0.042487605	-0.0514308752	0.0209043254	0.127520404	0.0015646457000000002	-0.0288730452	-0.0753102162	-0.0427285159	-0.1014972551	-0.015218568500000001	-0.0145890104	0.0026700387	-0.012111223999999999	0.1258743521	-0.0237629796	0.057392593099999986	0.10458677179999999	-0.0197073719	-0.061064022	-0.0732931208	0.0485787525	-0.0085492621	-0.04900471309999999	-0.0136098403	0.0195265891	-0.0507227913	0.0330359484	-0.0093351501	0.1388321684	-0.035263729900000006	0.0714163691	-0.0051797865	-0.010956519199999999	0.1299394702	0.0415775086	-0.0534228266	0.0410567399	-0.11578015	0.0888803972	0.1582950253	-0.057257525199999985	-0.0784968859	-0.0276796248	0.0875968658	-0.092165458	0.035196323700000004	0.0695823342	0.0048624758	-0.06253375950000001	-0.09551051140000001	-0.0759169001	-0.0214272	-0.0031589999999999986	9.979280999999989e-06	0.00045912489984	-0.0250988	-0.039679500000000006	0.0006299497614400001	0.0015744627202500005	0.082331	0.0079815	0.0067783935610000005	6.370434225000004e-05	-0.00148526	0.0	0.0	2.2059972676e-06	0.000179975	1.8792999999999994e-05	3.531768489999998e-10	3.2391000625e-08	0.0005251990000000001	0.0	2.758339896010001e-07	0.0	0.0	0.0	0.0	0.0	0.0	0.0	0.0	0.0	0.0	0.0	0.0	0.0	0.0	0.0	0.0	-0.6133339875	-1.167452363	0.1308170884	-0.2342514759	0.1192099235	0.3903416712	-0.8387010234	-0.2182802341	-0.5962989533	0.1550080986	-0.2711821435	-0.2592283303	-1.711653533	-1.462255485	-1.268570496	0.4853713553	-0.3682955452	-0.47857529	0.1797323948	-0.6040819018	1.788686067	-0.03158891378	0.3544560405	0.7164518317	-0.1670073792	0.9984833301	0.04820096046	0.01404074242	-1.185223514
909.7070102625804	-1.1134476307015575	827566.8445208827	1.2397656263149122	670.8818070270494	-0.6790985554158624	450082.3989998792	0.4611748479679112	653.5502299656804	0.42673667780775293	427127.90308819374	0.18210419218639806	1.324876	22.046322	0.04453295	0.1099987702	0.024793644500000003	-0.0150107282	0.11768727109999999	0.0902370485	0.0681910896	-0.068604624	-0.0229858645	-0.0923595192	0.0047978562	-0.0467222535	-0.035246069	0.0621598405	-0.0156284548	0.054013532	-0.030062997799999998	0.0058351758	0.103282977	-0.0479726018	-0.032471413399999996	0.0202881595	-0.041084602000000005	0.0087786058	0.0224856139	-0.0378486884	3.235e-05	-0.08692608480000001	0.121663503	0.0285964388	-0.0813773436	-0.0406424475	-0.0055838371	0.0342973549	0.0090648928	0.0401890732	-0.0714721224	-0.0236564436	-0.0350659333	-0.0613964588	0.027394936499999998	-0.0776695327	0.10461143269999999	0.0160870248	0.040918166299999996	0.0699015211	-0.0802949057	0.034846425699999996	0.126092137	-0.0307564234	-0.0188586028	0.0494793129	0.0219325413	-0.002874288	-0.08879970359999999	0.026221675899999998	0.1656355628	0.0678232237	-0.0184454217	0.01451721	0.057500906500000004	-0.0365939325	-0.0469741257	-0.0143080322	0.015460828700000004	0.1566262347	0.0116484826	0.0301653841	0.0272777017	0.024526663599999998	-0.0037145446999999996	-0.012645631899999999	0.00200102	0.025986181400000002	-0.0722062955	-0.09465547740000001	-0.0008926847000000002	0.007615459200000002	-0.0316389188	-0.1010219601	0.0746638214	0.0729294171	0.0383904098	-0.0890401906	0.0146484771	0.021402911299999997	-0.0984646814	0.0156215651	-0.0176451177	0.0491307337	0.0177664574	-0.0040995008	-0.0530717988	-0.0188807173	0.0995241842	-0.0018191919	0.11643730039999999	0.0431673371	0.0055642664	-0.0010166141000000001	-0.052467853700000004	0.08256593400000001	-0.0862305906	-0.0377546844	-0.0551721293	0.028294622400000007	-0.022154833399999997	0.033628555	0.0210687144	-0.0316256791	-0.0279402502	0.0329460319	0.0031760186	0.0225064252	-0.08601027900000001	0.050909305300000006	-0.003859735	-0.0123080316	-0.0404879258	0.0007972614999999999	-0.0841797008	-0.0097473019	0.0964702433	-0.0838268119	-0.1627344682	-0.0979757944	-0.0419303009	-0.045433624000000006	-0.0073934665	-0.0055826265	-0.015027671000000001	-0.0068458313	0.0931081257	-0.0020169138000000002	-0.045832483099999995	-0.08304007769999999	0.0995609159	-0.037398501800000004	-0.031500201299999996	-0.0801377959	0.0819873875	-0.0587365799	-0.048379795499999996	-0.040172895699999996	-0.035876654300000005	-0.0713577724	0.13537347449999998	-0.0845626519	0.0851240593	-0.025257353	0.0310103595	-0.133192947	0.0328616785	-0.044230228200000006	-0.034623231000000004	0.06861749889999999	0.0020846464	-0.0656375272	-0.0959125386	-0.0714680542	-0.0214497	-2.2500000000001685e-05	5.062500000000759e-10	0.0004600896300900001	-0.0161525	0.008946299999999999	0.00026090325625	8.003628369000003e-05	0.058848800000000014	-0.023482199999999998	0.0034631812614400012	0.0005514137168399997	-0.00148526	0.0	0.0	2.2059972676e-06	0.000421614	0.000241639	5.8389406321e-08	1.7775836499600002e-07	0.0005251990000000001	0.0	2.758339896010001e-07	0.0	0.0	0.0	0.0	0.0	0.0	0.0	0.0	0.0	0.0	0.0	0.0	0.0	0.0	0.0	0.0	-0.5253116212	-0.753712442	0.934778385	-0.445401165	-0.06282872724	0.03611833428	0.7280764285	-0.2497245066	1.354606807	-0.155605419	0.7641523496	-1.406885495	1.745705715	0.0393692445	-1.477792805	0.01510353252	0.3568450462	-0.2183493271	0.4694177524	-1.089920925	-0.2780167406	-1.351787084	0.09705286217	-0.00949972917	0.1442853959	-1.040588146	0.7265545417	1.137248036	0.3885972186
912.0221141688563	2.315103906275908	831784.3367330305	5.3597060968539685	672.442948331676	1.5611413046266307	452179.5187609971	2.4371621730113384	652.7359458874939	-0.8142840781864606	426064.2150536414	0.6630585599879739	1.212033	20.168570000000006	0.04348305	-0.0953420016	-0.060790850300000004	-0.0579368657	0.050090158200000005	0.023845570099999998	-0.0925876425	0.0517915297	-0.022229803700000002	0.0738519237	-0.051629815700000005	-0.0293847784	-0.0773758244	0.0053069185	-0.0235797052	0.0262382063	-0.029489860299999997	0.0491805891	0.0262912697	-0.1167744425	0.054030329	0.060205974	-0.06412382309999999	-0.0745518425	-0.0406490056	-0.0036145419	0.029486339599999998	0.004662479000000001	0.09155791220000001	-0.015506771200000003	-0.0387409514	0.074494214	0.0082525921	0.0734644008	0.043447825999999995	0.1445969563	0.05982602610000001	-0.0480070466	-0.0210928535	-0.0399054204	-0.022034087	0.042316468600000004	-0.032924963599999996	-0.020577708700000003	-0.055031952300000006	0.0101164753	0.026177271600000003	-0.036344854100000004	-0.0885823586	-0.017919983700000003	0.10627841630000001	0.0477550136	-0.0327088797	0.030920504799999998	0.0038717943	-0.0348544452	-0.0841925969	-0.0660473753	-0.0397231004	0.1055979394	-0.0070317385	0.0624744267	-0.047440758300000004	-0.1224958199	0.1127686425	-0.0572025545	-0.0330525568	0.0250427313	-0.0806899999	0.0009059985	-0.0003303558	-0.0236361219	0.06519285650000001	-0.0699078393	0.0202062462	0.11694322300000001	0.0156309034	0.0183823622	0.023051366299999997	-0.0428634534	0.0805474989	0.06776199179999999	-0.005806239300000001	0.09575152949999999	-0.023546832200000003	-0.053602669000000006	0.0659420717	0.063853799	0.0355826963	0.044758334000000004	0.0225343224	0.029755649199999998	-0.0601829794	0.0243627858	0.0250147858	0.08389450050000001	0.0638161315	0.1174226311	-0.004052747	0.0395331634	-0.0266345862	-0.007197574399999998	-0.12849810279999999	0.0290282343	-0.0039970935	-0.0045274327	0.0011953389	0.0147568124	-0.0332605097	0.0318575561	0.185135556	-0.034647114900000005	0.0274018231	-0.10686703060000001	-0.0117332145	0.023360342200000002	0.0199489077	0.0365964783	-0.0032244253999999997	0.0196539079	-0.0061401086	-0.11106247529999999	0.0308941046	0.0170925227	0.0588212422	0.0009813015	-0.0331894238	0.0171144404	0.0152147931	0.018434208400000002	-0.0066748981999999995	0.06112101070000001	0.0125108615	0.0330082094	0.0154340623	0.0644616771	-0.065803639	-0.1023701724	-0.0500059597	0.0359119795	0.009568604	0.09633138769999999	0.0885527667	0.0358762251	0.0650162284	-0.0219261538	-0.08515706560000001	0.08979272960000001	0.09992933080000001	-0.2151490905	0.18138941879999998	-0.028332666200000002	0.0729156945	-0.0202514012	-0.061341672699999995	0.06763828200000001	-0.0006949307000000001	-0.06861749889999999	-0.0959930115	-0.0666448887	-0.0214505	-7.999999999987184e-07	6.399999999979493e-13	0.0004601239502500001	0.0206483	0.0368008	0.00042635229289000014	0.00135429888064	0.0588503	1.4999999999945612e-06	0.00346335781009	2.249999999983684e-12	-0.00148526	0.0	0.0	2.2059972676e-06	0.00035971800000000003	-6.189599999999998e-05	3.8311148159999965e-09	1.2939703952400006e-07	0.000453496	-7.170300000000006e-05	2.05658622016e-07	5.141320209000008e-09	0.0	0.0	0.0	0.0	0.0	0.0	0.0	0.0	0.0	0.0	0.0	0.0	0.0	0.0	0.0	-0.4753607754	-1.018443408	0.4862353382	0.06785273457	-0.4562018177	-1.353395901	0.6344287881	-0.2974981493	-0.2576126521	-0.6494078451	-0.5105826699	0.02459102126	-0.28323988	-1.901261918	0.2182525767	0.3143394285	-0.6862561817	0.5105706589	-0.7627795264	1.776678201	1.013899756	1.155900384	-0.6916259489	-0.8147655151	-0.9201079878	1.500513847	-0.1453489797	0.7201019619	-0.222247572
911.4130502985547	-0.6090638703016111	830673.7482545158	0.3709587981067778	672.2818344760212	-0.16111385565477576	451962.8649664444	0.02595767448394792	653.1636602265168	0.4277143390228275	426622.7670405007	0.18293955580573426	1.191706	19.830328	0.08341405	0.0262825681	-0.024528508900000003	0.0315992196	0.0962455314	-0.062812619	-0.022992017400000002	0.0356202829	-0.0056405449	-0.1070688971	0.08650612949999999	0.06507232190000001	0.0174386964	0.0467323503	-0.018831998200000002	0.0203055599	-0.041841552000000004	0.0449044525	-0.14767513359999998	0.0473957842	0.0804067181	0.0463093479	-0.042887437800000004	-0.0968817033	0.0030037822999999996	-0.06301983259999999	0.0195017233	0.0250713305	0.0039887125	-0.0408841655	-0.0409459975	-0.0353161215	-0.0580158333	-0.0180340711	-0.1025186437	0.048866192999999995	0.035198167	-0.1151215377	0.0071981214	0.0518428875	-0.0412987422	0.0223780921	-0.1219736066	0.1195902369	-0.1298943821	0.0685085982	-0.0787514631	0.0743172996	0.0596483363	0.0653634819	0.1722002147	-0.0542328505	-0.052884352	-0.087428163	0.1489532576	0.0015720919	0.033358555	0.138332481	-0.000561669	-0.020783353600000002	0.1271404589	0.006127619	-0.006219054399999999	0.0442011434	0.049914325700000005	-0.0362038317	0.076496082	0.175040284	-0.08140350589999999	-0.0504905892	0.0701070377	0.0385784285	0.1255076864	-0.1156239366	-0.0280823225	-0.0241049528	-0.10900744300000001	0.0389994236	0.0541482675	-0.016480786100000002	0.0161094429	-0.0437386155	-0.09111280199999999	0.032189853399999996	-0.0294375789	0.0452214421	-0.1160734787	-0.0983827051	-0.0046966854	0.033524241600000004	0.0029808325	-0.0259803529	-0.039574725299999995	0.04643410110000002	-0.1526948726	0.0447353734	-0.1001961581	0.0776138157	0.0496540483	0.0175908694	-0.06697114259999999	-0.055801443799999996	-0.0037710086	0.019618018600000002	-0.0278020436	0.0030984002000000004	-0.0722220533	-0.0575393311	-0.0798697717	-0.0321352872	0.0225006317	0.0365356319	-0.0104360989	0.0049620061	0.0225599053	0.2375812404	0.1019549032	-0.09052489640000001	0.21168888079999998	0.0133002012	0.11902913720000001	-0.0374224072	0.0430191105	0.025020748199999998	-0.0751883397	-0.0308540989	0.04766893690000002	0.0329033675	-0.0184731843	-0.1025380389	0.0339358016	0.1066592922	0.1524853659	-0.0689711428	0.0171219847	-0.0681841758	-0.112472634	-0.0254146302	-0.0159880299	-0.0724876535	-0.0362128056	-0.0214309183	0.0049880563	-0.0773468586	-0.0419527549	-0.1447310238	0.036227748500000004	0.1203908235	-0.0220541875	0.0045203613	0.0006033008	0.0642078007	0.0375830752	-0.0048223343	-0.0193214913	0.0666448887	-0.0034739251	-0.0714680542	-0.0957516603	-0.0614726652	-0.0214308	1.9700000000000967e-05	3.8809000000003815e-10	0.00045927918864	-0.011654	-0.032302300000000006	0.00013581571600000005	0.0010434385852900003	0.073511	0.014660700000000006	0.0054038671210000005	0.00021493612449000017	-0.00201344	-0.0005281800000000001	2.7897411240000004e-07	4.0539406336e-06	0.000230974	-0.00012874400000000005	1.6575017536000007e-08	5.3348988676e-08	0.0005251990000000001	7.170300000000006e-05	2.758339896010001e-07	5.141320209000008e-09	0.0	0.0	0.0	0.0	0.0	0.0	0.0	0.0	0.0	0.0	0.0	0.0	0.0	0.0	0.0	-0.579119093	-0.8493361609	0.1813948393	-0.6338456825	0.5781976727	-0.2195171898	0.1095488834	-0.2234871654	0.5105691272	0.3212739432	-0.1338226195	-1.03793843	1.245263968	1.24141101	-0.2338310202	0.8717145528	-1.505922271	-0.005494674187	-0.04543796765	-0.01770846188	-0.5715170144	0.5618033053	1.044771477	1.518446032	0.5609228961	1.826382581	-0.5004740342	-0.415626366	0.1302264871
908.482504583475	-2.9305457150796883	825340.4611342638	8.588098188171921	671.0442057462293	-1.2376287297919362	450300.32606558775	1.5317248728064012	652.4970810342886	-0.6665791922281414	425752.440758267	0.4443278195115216	1.187074	19.75325	0.0622861	-0.0318351045	0.10868862060000001	-0.033233110499999996	-0.006028369699999999	-0.0292893781	0.0790977253	-0.0034258779	0.0373216493	0.048389992199999995	-0.06051775280000001	-0.0313030465	-0.018183026499999998	-0.0189717108	-0.0295726794	0.0007546310000000001	-0.009818229	0.0314816195	-0.0900972818	-0.0502638468	0.0431360955	-0.0973672402	0.0760395738	-0.0947914846	-0.0270406796	-0.028325124700000006	0.0317689438	0.0164626518	-0.0254704304	0.049650872699999994	-0.1181183225	-0.060786457599999996	-0.0342696556	-0.0618865408	0.0086795631	-0.1821628659	-0.0497137113	0.026880622200000003	0.0661282121	0.2836946662	-0.0085313436	0.0382371194	-0.0642377632	0.050210706900000006	-0.0092152767	0.1150993374	-0.0092319402	0.1218396367	-0.011788336299999999	-0.10009415210000001	0.0336923498	0.06675455599999999	0.0630320527	0.0213432486	0.0061214752	0.0669894949	0.0222261728	0.073610173	-0.1284674569	-0.086749975	-0.0122022118	0.0959702244	0.0972518638	0.050692284299999994	-0.035864522	-0.0249289013	0.06829318059999999	-0.0953883019	0.0020052581	0.014575416899999999	0.11531833080000001	-0.0775905732	0.0516211952	0.0626940596	0.08033437709999999	-0.036835879	0.07229337429999999	0.0077086173	-0.0181555505	0.0038186948	0.014432804799999999	0.0061535684	-0.0391944136	-0.07411881769999999	0.006192067900000001	0.0124803459	0.0577749189	0.06880345709999999	0.021184908399999997	0.0185512276	-0.0252439992	0.009758390300000001	0.0355312654	0.0355850817	-0.0509862326	0.1172422767	-0.0745674118	-0.045546348	0.13016556070000002	0.0530713679	-0.0288579924	-0.038481153399999996	-0.0511589692	-0.0019737012	-0.1187108573	-0.0516282792	-0.0151907073	-0.051830494299999995	0.0713423625	-0.1113513954	-0.1917188802	0.019486434099999998	-0.17560105920000002	-0.049158542300000004	0.15458903300000001	-0.02252588	0.1018817959	-0.0034614304	0.052592382699999995	-0.0856440899	0.0589593886	0.0571154665	0.0601255005	-0.054821628	-0.08661014449999999	0.031280914300000004	0.11532347720000001	0.1191106989	0.0286534704	0.009338124	-0.0552842199	-0.0005037083000000001	-0.0211221612	-0.1140056526	0.0446381511	0.011696116299999998	0.0377797665	-0.0733555487	0.1572271286	0.043486145999999996	-0.015204791200000001	0.0840417166	0.028293387000000007	0.0971428871	0.0391528406	0.0209132943	-0.0428291075	0.0112572422	0.0704501022	0.0078936072	0.0620922016	0.12885479460000002	-0.20186422280000002	-0.009493455	-0.0543040667	0.0656375272	-0.0062500073	-0.0741838168	-0.0951892942	-0.0559784738	-0.0214497	-1.890000000000225e-05	3.57210000000085e-10	0.0004600896300900001	-0.0202054	-0.008551399999999999	0.0004082581891600001	7.312644196000001e-05	0.0624742	-0.011036800000000013	0.00390302566564	0.00012181095424000026	-0.0013505	0.0006629399999999999	4.3948944359999983e-07	1.8238502500000004e-06	0.000421614	0.00019064	3.63436096e-08	1.7775836499600002e-07	0.0005251990000000001	0.0	2.758339896010001e-07	0.0	0.0	0.0	0.0	0.0	0.0	0.0	0.0	0.0	0.0	0.0	0.0	0.0	0.0	0.0	0.0	-0.4835910129	-0.9591680842	0.2147889775	-0.1882400476	0.3660624939	0.2353911326	-0.3829327347	-0.3527086103	-0.8428763288	-0.1716993961	-0.05496901205	-0.1551248277	-0.5601361215	0.4193323611	-1.526961244	-1.515215783	0.3334641572	-0.3144599925	0.624872817	-0.1354983946	0.2267965645	-1.151248941	-0.8426508733	-1.004135323	-1.458662624	0.1387468761	0.7948506659	-0.1686536071	0.2021157365
916.9831848553276	8.500680271852616	840858.16130742	72.26156508426426	674.4573814575732	3.4131757113439107	454892.7594026064	11.649768436508012	655.6659568491259	3.1688758148372926	429897.84697087976	10.041773929860717	1.796554	29.895178	0.258811185	0.0281237711	0.10220731279999999	0.24862710100000002	0.20816697120000002	-0.1278497506	-0.0075409702	0.14023114009999998	0.181853882	-0.4353211901	0.0640297953	0.092722755	-0.1010036383	-0.5978757281	-0.0051057722	-0.1965614135	0.2638705698	0.17650587410000002	0.0814856677	-0.16931316629999998	-0.1282079456	0.0101198486	-0.1209929658	0.11794546970000001	-0.0028411447999999997	0.0385015369	-0.0214443338	0.0542758137	0.017266953	-0.0186797838	-0.0120644255	-0.0518796046	-0.0878376939	0.015600058100000001	0.0031853233	0.0271033902	0.0024695971	0.030627653799999998	-0.010533816100000001	0.0414987574	-0.0398517324	0.0085794315	-0.0553399294	-0.0532394254	0.0024777182	-0.0324031108	0.045242030499999995	-0.0113661751	-0.0248476452	0.0245412441	0.0253620744	-0.00011788690000000001	-0.0633611157	0.0242245205	0.0203371201	0.0001257021	0.0530362438	0.040182086	-0.0066639762	0.035338838500000004	-0.0356258473	0.0086794483	-0.0011028778	-0.0199965437	-0.042177959800000005	-0.045617270700000004	-0.008313813100000001	0.0203587329	-0.0232175367	0.0286426984	0.0573276241	0.050958558	-0.0336525143	0.0010720074	0.0650424386	-0.2978564797	-0.446598592	0.2234013646	0.1611259368	-0.0380546132	-0.2774925298	-0.0729472371	-0.010920002	0.102615071	-0.0794524856	0.2916360477	-0.2093544798	0.16284913539999998	0.3387433169	-0.3063165191	0.0019562826	-0.0771702063	0.3519225693	-0.3841502132	0.079938741	0.1845422391	0.140802975	0.0472531828	-0.061498606500000004	-0.0590620371	0.013192466100000001	-0.0586509679	0.0347866208	-0.0463437074	0.0266504669	0.0855459256	0.0030571201	-0.0912730483	0.0923411887	0.023578415499999998	0.082910869	-0.0797429742	-0.049453566399999996	-0.022776209300000003	0.025966262200000003	-0.0182375774	0.051717930999999995	-0.018522085900000002	-0.0173127878	0.0103320912	0.0076554366	-0.0620208372	0.020381981299999997	-0.0079581493	-0.0632099415	0.0372025079	-0.034344221800000005	0.0235884698	-0.0606016968	-0.059910395400000004	0.0866036977	-0.0025635470000000002	0.0399501838	-0.0159037998	0.0066049515	0.0592469724	0.0291619229	-0.0030176080999999998	0.041495931	-0.0377815909	-0.031625725	0.0317690606	0.054618428200000006	-0.048922909699999996	0.0137242841	-0.0439573406	0.0197515368	-0.00313113	-0.0050355192	0.0218275342	0.028027692000000003	0.04313444599999999	-0.0073064084	-0.0127694297	-0.0348025177	0.0646164087	-0.00902085	-0.0767596645	-0.09430779859999999	-0.0501910907	0.0213749	0.0428246	0.0018339463651600005	0.0004568863500100001	0.028046	0.0482514	0.0007865781159999999	0.0023281976019600002	0.156324	0.09384980000000001	0.024437192976	0.008807784960040001	-0.0006052259999999999	0.0007452740000000003	5.554333350760003e-07	3.662985110759999e-07	1.08883e-05	-0.0004107257	1.6869560064049002e-07	1.1855507688999997e-10	0.0008469069999999999	0.0003217079999999999	7.172514666489998e-07	1.0349603726399992e-07	0.0	0.0	0.0	1.0	0.0	0.0	0.0	0.0	0.0	0.0	0.0	0.0	0.0	0.0	0.0	-0.9187290423	-2.240034084	0.7715379374	0.2578407344	1.240140141	1.303001939	0.09169299956	-0.3280845708	-0.7601758859	-0.780378629	-0.2092627038	0.4945572565	0.3954765768	-0.3973342347	-2.136690466	-0.2093650104	1.501515124	-1.151276552	-0.9290324186	5.133463482	-0.7403738333	-0.2000821522	6.328736875	2.808629007	4.573484375	0.6550224142	0.1646778968	-1.226759721	4.698038495
909.2686586452907	-7.714526210036979	826769.4935946059	59.51391464534752	671.2063153711161	-3.251066086457058	450517.9177940702	10.569430698511214	653.3723411059491	-2.2936157431768147	426895.41612226865	5.260673177348535	1.639373	27.279638	0.210485015	0.0703351292	0.0705725858	-0.0569012291	-0.0505818054	-0.018389681499999998	0.0657076437	-0.0475606187	0.0411408101	-0.0210743144	-0.0539548128	-0.09327140490000001	-0.11741915259999999	-0.0097519307	-0.0608314522	-0.0811310154	-0.0161068307	-0.1153512194	-0.0420066404	0.1965040527	-0.0609484217	0.019283971100000002	0.17020567690000002	0.1639202901	-0.0027163847	0.0920031512	-0.3487063717	-0.06349606990000001	-0.0166914344	-0.0294171516	-0.032791047999999996	-0.23985627559999997	0.0254025638	0.0206882358	-0.0046683873	0.0767169303	0.076748463	-0.0635935854	0.0197226392	-0.1571457431	-0.017466255700000002	0.1787438773	0.0747252607	-0.039778152000000004	-0.09932899699999999	-0.0164468596	-0.0812073706	0.0658767764	-0.0997280751	-0.1215906027	0.0019906615	0.1051679648	0.029319021299999998	0.1625891364	0.013618436999999999	0.0555154459	-0.030445718700000002	-0.011472142099999999	0.06828144679999999	-0.0396545343	-0.0767025631	0.13852799289999998	-0.015303923700000001	0.1519772157	0.030397661	0.061420406	-0.011510166	-0.0395071143	0.0230951458	0.0101555651	0.172912397	0.014012609399999999	-0.018585075	-0.015111458000000001	-0.0137750432	-0.0286025798	0.1194226551	-0.0031819281	-0.1061500341	-0.0254493076	0.0100649416	-0.09230036859999999	0.0368586574	-0.0720964677	0.0123887483	0.0610158311	-0.0649602767	0.0884800713	0.068788628	0.0122997375	0.0057982591000000005	0.0511636829	0.0912335869	0.0114777451	-0.0315211861	-0.0798784174	-0.1462615154	-0.13104632630000002	-0.0518946505	-0.0126877624	-0.0195060839	-0.0139486533	0.0450263416	0.1261964927	0.0335619498	0.1393480561	0.2723724094	0.052233833099999995	0.0624088312	-0.0390217511	0.1452580493	0.0881896002	0.14117958630000002	-0.1037633156	-0.0315779635	0.0013574039000000002	-0.0365243887	0.049701901799999997	0.0135869702	0.08498346400000001	0.09283265310000001	0.08626190939999999	-0.10505891980000001	-0.1152022279	-0.0024403003	-0.1234897449	0.0746034104	-0.010978373400000001	-0.019002379	0.0838066949	-0.11485213009999999	0.0093600356	-0.0022103474	-0.039754750299999995	0.2344783487	0.0434890537	0.10395147310000001	0.0247637917	-0.0650025839	-0.0017040161999999999	0.1002578982	-0.023888637999999997	-0.0420494363	0.0777426037	-0.071353562	0.0101541023	-0.0176082614	-0.1031122181	0.049076841399999994	0.0777746709	-0.0821889453	0.026827082000000002	0.017100956100000002	0.0967249691	-0.09041418539999999	0.0635817472	-0.0117841304	-0.0791907393	-0.09311012869999999	-0.044140827699999996	0.00603885	-0.015336050000000004	0.0002351944296025001	3.64677093225e-05	-0.041697500000000005	-0.0697435	0.0017386815062500006	0.00486415579225	0.104804	-0.05152	0.010983878416	0.0026543104	-0.00149351	-0.0008882839999999999	7.89048464656e-07	2.2305721201e-06	-0.000389104	-0.0003999923000000001	1.5999384005929005e-07	1.5140192281600002e-07	0.00103634	0.00018943300000000005	1.0740005956e-06	3.5884861489000014e-08	0.0	0.0	0.0	0.0	1.0	0.0	0.0	0.0	0.0	0.0	0.0	0.0	0.0	0.0	0.0	-0.7503136019	-1.478382477	0.7968896821	0.1121553665	0.630344219	-0.406624193	-0.09328995235	-0.206100057	0.4784545197	0.2462996257	1.022912975	-1.178890433	-0.4222370119	0.6709115225	-0.9104691864	-0.7626888735	0.7531774477	0.4312177036	2.261834658	-1.296788179	-0.4770626056	-0.7729510121	-0.2252756106	-0.3538585917	5.429192374	0.7998197591	-0.6036833892	1.932773575	0.3794814464
909.8486414565532	0.5799828112625391	827824.5503603355	0.3363800613599981	671.8194522453102	0.6131368741940832	451341.37641518866	0.3759368264964911	651.4544331037413	-1.9179080022078097	424392.87841051695	3.678371104932752	1.305252	21.71977	0.07186236	-0.0292144496	-0.1360151348	-0.025300847400000003	-0.0744161455	0.0517800869	-0.09661063339999999	-0.0097580197	-0.0373427165	0.0858345566	-0.0156791436	-0.0016223595	-0.1279703473	0.0179005461	0.008262159100000001	0.0315133019	0.0091539941	-0.0379608689	0.1116437705	-0.0201587718	-0.07183672599999999	0.0416657573	0.1798888401	0.07688496410000001	-0.011458946299999998	0.1109632796	-0.0329016571	0.0294120542	-0.0415152571	0.0250250958	-0.0169763577	-0.1383450804	0.10996032900000001	-0.10913976380000001	-0.0850477023	-0.070797388	-0.0682371346	0.0242680241	-0.0070290053	-0.032888276699999996	0.1099560295	0.037177761600000005	0.0668425565	0.0114815917	0.073932033	-0.06537282400000001	-0.1484529796	0.00039772230000000003	-0.0331679683	-0.0357206266	0.09328291119999996	0.0873284452	-0.2268942695	0.0277947295	0.0180022299	0.0461970755	-0.13009817769999998	0.09234666970000001	-0.0375300411	0.0067857263	0.0696458159	-0.06295841099999999	0.020829480600000002	-0.0665865396	-0.035496648	0.012226313700000001	-0.0672607116	0.0003143493	-0.032091665400000004	0.0570668056	-0.0844280109	-0.062797925	-0.0968082489	-0.0193525918	-0.0549873434	0.1496799304	0.07191512230000001	-0.0692750263	0.0037552909000000004	-0.040460639300000004	0.0666861506	-0.003637783400000001	0.1450962567	0.0845862522	0.0186127501	-0.0647230618	0.0407029429	-0.012082376899999999	0.044886284699999994	-0.0413786076	0.048460627400000005	-0.0042422552	0.002697303	0.0203701407	0.148033268	0.048810308	-0.026633716499999998	-0.054838253600000005	0.0542664044	0.0024419888000000002	0.1361227319	0.0141615473	0.0002276575	-0.0884862113	0.0239758691	0.0455464915	0.09400052140000001	0.0382939442	0.060311600599999994	-0.0494778525	-0.0150499676	0.0730278538	0.10839630130000001	0.1168665468	0.042029171399999996	0.0194011922	0.0017119945999999999	-0.007667425500000002	-0.0125357478	0.0315294671	-0.056515798099999986	0.0986568377	0.015367576499999999	0.09413137699999999	0.0459030743	-0.09026791320000001	-0.0363116825	0.14039153029999998	0.000926473	0.2210070973	0.0564885108	-0.057319278499999994	0.0878919809	-0.1538265086	-0.0255701923	0.0045475043	-0.0763021807	0.0046643919	-0.0471068283	0.005538532	0.11100227789999999	0.14226009720000002	-0.103254805	0.0606526634	0.032851688	0.0438046737	-0.086431823	-0.0255289146	-0.0367557289	-0.028767087400000002	-0.06403247179999999	0.0054944753	-0.0268594443	0.044354791500000004	0.0740205879	0.06253375950000001	-0.0145375318	-0.0814724559	-0.0916002999	-0.037859373599999996	-0.00197731	-0.00801616	6.42588211456e-05	3.9097548360999985e-06	-0.0417342	-3.669999999999368e-05	0.0017417434496400002	1.3468899999995367e-09	0.08327389999999997	-0.021530100000000024	0.006934542421209995	0.000463545206010001	-0.00201447	-0.00052096	2.713993216e-07	4.0580893809e-06	-0.000159357	0.00022974700000000006	5.2783684009000006e-08	2.5394653449e-08	0.000941459	-9.4881e-05	8.863450486809998e-07	9.002404161e-09	0.0	0.0	0.0	0.0	0.0	0.0	0.0	0.0	0.0	0.0	0.0	0.0	0.0	0.0	0.0	-0.596320015	-1.003908541	0.9440008372	-0.1196690205	-0.04861243649	-1.263583695	0.03387529989	-0.4219550272	-0.9235994832	-0.9883418531	-0.04175856014	-0.4329225949	-0.8401093234	-1.106888997	0.5923546343	1.046942597	0.7888780404	1.399706245	0.3122849724	1.497749869	1.883208134	1.60393208	-0.8387000228	0.1545646182	1.684633256	-0.4716552468	-1.333497601	0.8293435269	-0.8432741616
909.9679206091723	0.11927915261912858	828041.616537781	0.014227516249537369	671.6645539169584	-0.1548983283518055	451133.2729884668	0.023993492126183756	651.6393168853838	0.18488378164249752	424633.79931084963	0.034182012714430714	1.346843	22.411852	0.0393027878	0.0447645825	0.0193954582	-0.035730446	0.0476424811	0.0360008174	-0.0008655202	0.0021343368	0.035199600899999996	-0.1079126466	0.0185478624	0.0197934983	0.0422692886	0.10838708970000001	-0.0808207359	0.0581947504	-0.0451320562	0.044289554800000006	0.0665249037	0.0083046312	-0.0770174318	0.023797311499999998	0.0775712526	0.0811438664	-0.0332290988	0.0846887076	-0.0480069908	-0.1641353496	-0.0377536904	-0.053733373099999995	0.0799933203	0.089104105	0.17781091359999998	-0.0900372851	-0.0850639818	0.14796059890000002	-0.0842644691	0.1366484611	-0.0694387814	-0.0437778079	0.0597027233	-0.045777205599999996	0.0384990407	-0.0418626787	0.0133199447	0.0476152413	0.0613395384	0.029726553500000006	-0.042909087199999994	-0.0237164383	-0.14080084439999999	-0.0929767901	-0.006455581700000001	-0.032616606400000005	0.031234822599999996	-0.012179623700000001	0.0309678198	0.0828208362	-0.0011953567	-0.1173095324	0.0252952172	-0.0965177085	-0.0101597353	-0.0093809791	0.0360996879	-0.0395598265	-0.0834890084	-0.0385593596	-0.006114635500000001	0.008462588	0.0652155053	-0.0329998835	-0.043898313	0.0189651359	-0.023128860600000002	-0.0457878542	0.004515448300000001	0.0674259299	0.017277486499999998	-0.0286002227	0.029812042	0.0556487921	0.058185637199999994	0.005480191	0.0038912025	0.0798453537	-0.1104840871	-0.0650433701	-0.030085245	0.0976714536	-0.0814960596	-0.0128637106	-0.0529266617	-0.0501820311	0.09131713609999999	0.006869178	0.0280540325	-0.0534371975	-0.1178204756	-0.0630815568	0.1592248583	0.1014897435	-0.012666431499999999	0.0530846843	0.0536578569	-0.0951668383	0.0814663038	-0.011985993300000001	-0.144058288	-0.1379785946	-0.0474300874	-0.08664739240000001	0.0712574134	0.0598193343	-0.13860950800000002	0.0798749985	-0.024605966899999998	-0.0086139339	-0.0218561044	0.0218859371	-0.0486216664	0.07825919860000001	-0.029193260899999997	-0.1161089543	0.049819994699999995	0.1412917943	0.0705146742	-0.0598025573	0.0059575625	0.0071406825	-0.0054078972	-0.048058541399999995	0.0175183973	0.0199676148	-0.0561119809	-0.09977704119999999	-0.0008126387	0.0591967468	-0.04713953480000002	0.0358581936	-0.042888241699999996	0.0620626564	0.030928898399999998	0.013009428200000001	0.0138563078	0.1332930419	0.0202148663	-0.09462338199999999	-0.0081321303	0.0010087733	0.114142379	0.0360816931	0.039888024700000003	0.0635482473	0.0436360833	0.0614726652	-0.0172787462	-0.0836005109	-0.0897833739	-0.031379628	1.3827800000000007e-05	0.0019911378	3.96462973858884e-06	1.9120805284000017e-10	-0.0417837	-4.9500000000000925e-05	0.00174587758569	2.450250000000092e-09	0.103573	0.020299100000000028	0.010727366329000001	0.0004120534608100012	-0.0022741	-0.00025962999999999984	6.740773689999991e-08	5.1715308099999984e-06	-0.000159357	0.0	0.0	2.5394653449e-08	0.00102109	7.963100000000015e-05	1.0426247881000002e-06	6.3410961610000235e-09	0.0	0.0	0.0	0.0	0.0	0.0	0.0	0.0	0.0	0.0	0.0	0.0	0.0	0.0	0.0	-0.7940290064	-0.8976516327	0.3908782169	-0.7454672258	0.2753613748	-0.1998795543	-0.4257816224	-0.3121832848	1.68733853	0.09110583738	-0.5239099092	-1.456163821	1.692069624	1.100324929	0.1692672052	-0.7949198955	-1.207318793	0.004960304254	0.9438552937	-0.07378365475	0.9721749895	0.2584271407	1.303338962	-0.8316248798	2.371609294	-0.08329555722	-0.2468604453	-0.7551261182	-0.01240314356
906.8325787036753	-3.1353419054970573	822345.3257983574	9.830368864365918	670.9907554235838	-0.6737984933746475	450228.5938639117	0.4540044096739448	650.7380142550578	-0.901302630325972	423459.9631966158	0.812346431432516	1.2054280000000002	20.058670000000006	0.052487417799999984	-0.0650336457	0.0329690613	-0.0145256358	-0.044330128499999996	0.0311256515	0.0482928162	-0.0117336375	0.0300563264	0.08453330560000001	-0.0322596935	0.0205163926	-0.0037209615000000002	-0.0693095468	-0.0329555598	-0.0245367455	-0.0727069226	0.0229610273	-0.0813221042	-0.1300497363	-0.0109551405	0.0179379517	0.1110533066	-0.0344103261	0.0035827017	0.09001885849999999	-0.046900327	-0.10673021029999999	-0.1250474736	0.0183154454	0.10693738800000001	0.0242846036	0.0728265927	0.0737849687	-0.028248732400000007	-0.0249168672	0.008607549499999999	0.0316062709	-0.1282789846	-0.0862945211	-0.099541975	-0.048146501900000006	0.0099472569	-0.035320744	0.043971043099999996	0.0509932467	-0.0641288415	0.1055391118	-0.0058018697	0.1045295881	-0.0534232611	0.063717231	-0.0854651779	-0.0896895244	0.021867003399999998	0.0428957592	0.0109360884	-0.1594425604	-0.0342892919	0.1301850094	-0.0314999361	-0.0048361203999999994	-0.08872039609999999	-0.033256780699999995	0.028247394199999998	-0.0467526926	-0.0354143136	-0.026409624	0.09055243119999999	-0.052308618499999994	-0.0986005683	-0.00033236919999999996	0.07398085759999999	-0.06240074690000001	0.058286427099999996	0.0161483219	0.0822819087	-0.060038967400000004	-0.019362001299999997	0.0198192809	-0.0503766203	0.0799099787	-0.09341496449999999	-0.042379476900000004	0.0205885037	0.0069265989	0.0861390684	0.022542235	0.062181395099999995	-0.03803383	-0.08591847789999997	0.0029767705	0.0350133003	0.0204962035	-0.0518989734	0.12875981720000002	0.0547218504	-0.0930707065	-0.0227389123	-0.0697496054	0.1205447242	-0.0624611345	-0.0093874626	0.1031887533	0.03533904	-0.0311261941	-0.139644152	0.1104531864	0.0177187887	0.0041108796	-0.0609746931	-0.033620821	0.0513321303	0.0111813369	-0.061420043	0.0342276341	-0.0895460743	0.0470617787	0.0990564159	0.1954821695	0.0400704897	-0.018162966399999998	0.007357215899999998	0.052715213	0.0237475809	-0.0003596566	-0.0776690315	-0.0801386984	-0.0481629848	0.1632552294	-0.0160883416	0.0845965142	-0.11148958099999999	0.0827710126	-0.0906482299	0.0054133689	-0.0047314308	-0.0298762294	-0.0147923639	0.0264151428	0.0624975421	-0.0356443936	0.025047613	0.014665425800000001	0.0271352094	0.0365433982	0.0198037994	0.0938754747	-0.0304024147	0.0117670047	-0.0022448925	0.084584818	0.0945697397	0.0162049001	0.0247242754	0.06039868690000001	-0.0200054754	-0.0855708907	-0.0876654421	-0.0247355292	-0.00951589	-0.0095297178	9.081552134763685e-05	9.05521624921e-05	-0.054482900000000015	-0.012699200000000008	0.002968386392410001	0.0001612696806400002	0.0913815	-0.012191499999999994	0.008350578542250001	0.00014863267224999986	-0.00191803	0.0003560699999999998	1.2678584489999982e-07	3.6788390809e-06	-0.000159357	0.0	0.0	2.5394653449e-08	0.00102636	5.269999999999928e-06	1.0534148496000002e-06	2.7772899999999236e-11	0.0	0.0	0.0	0.0	0.0	0.0	0.0	0.0	0.0	0.0	0.0	0.0	0.0	0.0	0.0	-0.7620857112	-0.8208748147	0.530843127	-0.2894807874	0.1065804838	-0.02210193257	-0.3417947134	-0.3541037169	-0.1979479741	-0.4161400236	0.5729011814	-0.546845115	-0.3708737526	-1.260518601	-0.4880524915	-1.046621325	0.3819224408	-0.2143277608	-1.763186848	0.2237198717	0.4183011071	0.112376685	-0.2575165875	-1.908944972	1.345269029	0.6260187692	0.6619052936	-0.936827599	0.2989445154
908.1138129275259	1.2812342238506744	824670.6972297695	1.64156113636624	671.7737111038156	0.7829556802317938	451279.9189301927	0.6130195972072309	650.6186136670698	-0.11940058798802512	423304.5804500598	0.014256500411886124	1.104971	18.387037	0.06969441999999998	0.07690619929999999	-0.0724920714	-0.0109782412	-0.0010633508999999999	-0.07756917519999999	-0.07266590839999999	-0.0408237825	-0.0763691733	-0.010997730700000001	0.0023994484	0.024164594700000003	-0.0480880722	-0.008145365	0.0635697521	-0.0743770651	0.0460784254	-0.0196061166	-0.1157158347	-0.0185586623	0.0778060995	0.0360551669	0.006628765	-0.0006852859	0.061316184100000004	0.0356820948	0.11593297970000001	-0.09005265550000001	0.076140809	-0.0622802992	0.0078704794	-0.0489973439	0.1123015392	-0.0075724527	0.0349671367	0.0386528384	0.033713715899999996	-0.0683548523	0.0580508093	0.09816614900000001	-0.027056532999999997	-0.0051143843	-0.0785826823	-0.055213284800000005	0.0459103797	-0.1220777234	0.0433792932	-0.0665674468	0.0007401167	-0.1583014558	-0.1670858865	0.0519586446	-0.0184084949	-0.05121656	-0.0469710089	-0.0126551922	0.0062377848	0.052986868300000003	-0.07797121950000001	0.0312037085	0.17397504379999998	0.0327788833	-0.0336526396	-0.10733053810000001	0.0669507178	0.09009611740000001	0.057685558	-0.079476166	-0.0306245613	-0.0779684246	-0.0427329385	0.014986747	-0.035106988	0.127783764	-0.1099366551	0.027389592400000003	-0.005381569100000001	-0.032159255	0.02549945	0.0005357706	0.027471751200000002	-0.0726397285	-0.1503820263	0.062135618899999995	0.0279927217	-0.0812084876	-0.0589845291	0.019615048	-0.0056530237	-0.08449872050000001	0.058661905	0.0157103299	0.058419305899999996	0.09881343449999999	-0.0443217062	0.0060721224	-0.09443173869999999	0.0402462605	-0.0159570054	-0.054476579000000004	0.1110834409	0.10297671369999999	-0.123532614	0.0537889994	0.0252963824	0.1107829055	-0.0218010675	-0.0020312686	-0.0490095274	-0.0024387467	-0.0217439427	-0.0934775976	-0.1385735388	-0.010586855	0.11897697060000001	-0.0990674959	0.0374787635	-0.048457877	-0.2151184411	-0.0381282392	0.0411942245	0.0850447406	0.0207700679	-0.1500266089	-0.00389247	0.05655152030000001	-0.0928912717	0.0369929675	0.0691995838	-0.0102487972	0.04341203019999999	0.044752003	0.1541390313	0.0933762483	-0.11491147550000001	-0.004979801	-0.0222394007	-0.09723841970000001	-0.0616600521	0.0500190825	0.0803857192	-0.0341184873	-0.0194546002	-0.1242659898	0.08818435449999999	0.0500938481	0.0352761667	-0.0826327387	0.009737013499999999	0.027668410499999997	-0.0570063003	-0.0935427012	-0.0069956822	-0.0366137802	-0.0428540151	0.05931204950000001	-0.022715433700000003	-0.08737987900000001	-0.0852536052	-0.017961876	-0.00947393	4.196000000000061e-05	1.760641600000051e-09	8.97553496449e-05	-0.00420004	0.050282860000000006	1.7640336001600008e-05	0.0025283660097796005	0.0818329	-0.009548600000000004	0.0066966235224099994	9.117576196000008e-05	-0.00208606	-0.0001680299999999998	2.8234080899999928e-08	4.3516463236e-06	-0.000159357	0.0	0.0	2.5394653449e-08	0.00105475	2.838999999999988e-05	1.1124975624999997e-06	8.059920999999934e-10	0.0	0.0	0.0	0.0	0.0	0.0	0.0	0.0	0.0	0.0	0.0	0.0	0.0	0.0	0.0	-0.6454492891	-0.886985861	0.9974263117	-0.01191353435	-0.7280823906	-1.365257272	-0.0942747408	-0.5121118882	-0.2260782462	-0.6275082274	-0.2875225342	-0.9405188037	0.5990207148	0.3570645562	0.3988747013	0.7227054545	0.8916213237	1.09784177	-1.762403309	1.599663441	-1.493438397	0.8303066419	-0.4473869893	0.4065925682	0.3588630611	-0.0659129404	-0.7488217333	0.8653780914	-0.1903422005
909.5164912922947	1.4026783647688037	827220.2479326469	1.9675065949904844	671.4544707002017	-0.3192404036138896	450851.106223288	0.10191443529955914	650.8075052852215	0.18889161815172886	423550.40893557365	0.035680043407978534	1.1561860000000002	19.239265	0.06249956	-0.0552573533	0.0650552159	-0.0375052331	0.0024367854	-0.050611726600000004	0.022334942599999998	0.044554895	0.0763277203	0.0141744331	-0.0253912599	0.0071492458	0.0719696846	0.018741390400000002	-0.008116196	0.0027090252000000004	0.0132329571	0.0028380131	-0.08505562480000001	0.211972818	0.064664758	0.0040109445	-8.48389e-05	0.0497889938	0.0073724989	-0.004296209699999999	-0.046251778099999995	0.0323594258	0.0198760119	0.0028968952	-0.11145476050000001	0.0905254223	-0.0203477596	-0.0863054568	-0.0367343518	0.0935420264	0.10821354289999999	-0.009419368000000001	0.0782224723	-0.0347989008	-0.0264847385	0.0281548498	-0.0048374595	0.010664281999999999	0.0266842929	0.0371665918	0.0360999678	-0.048951643499999996	-0.0178422301	0.058711397199999994	-0.035990789	0.11774957119999999	0.0075626849	-0.1728626345	0.0916562686	-0.0550317827	0.0173642663	-0.0541995679	0.0233975691	0.028674240099999998	0.1097663669	0.0870611705	0.1056649914	-0.0150014773	-0.0859982323	0.0359483501	-0.08606816519999999	0.0157194063	0.0476015549	0.0075973949	-0.043301671900000005	-0.0582117884	-0.0034633306	-0.0006377807	0.087122324	0.0060765767	0.0297528909	0.0654144619	-0.0044203721	0.0178093948	0.0123535798	-0.0440368622	-0.022936301200000002	-0.0111839479	-0.009825063	0.06640365179999999	0.032234421400000005	0.0203494329	-0.030468425499999997	0.024400262000000002	-0.0315409526	-0.0659373896	0.0125121378	-0.0678158615	-0.10564273589999999	-0.0967606356	-0.18870390260000008	0.0017641335000000001	-0.0393406533	0.0316388287	-0.026604812000000002	0.0560302078	0.0749040895	-0.0156197023	-0.0322653191	-0.052300551699999996	0.1299344281	-0.0547630916	-0.0720524753	0.022276843799999998	0.0639432279	0.0045051546	-0.0167121902	-0.1486507032	0.0458339783	0.0020094384	-0.0170403561	-0.0314165896	0.1067934073	-0.0095361873	0.011299502099999999	0.047472201799999995	0.0221176943	0.0195955511	0.10656284099999999	-0.0677567173	-0.1353869434	-0.092273009	-0.0213684095	0.057833946500000004	0.0315836552	0.0024023438	-0.0401397554	-0.0155461822	-0.07041609110000001	-0.0437874196	-0.088433635	-0.0460055755	0.0895075734	0.03804012	0.0086740473	0.0419613554	-0.12061712	0.0110009775	-0.0767820556	0.027356098500000002	0.0921680162	-0.032787060800000004	0.0697849292	-0.011240026299999999	0.0339961025	-0.13023747	-0.043870296100000004	0.011434965900000002	-0.0057955438	0.058212980899999996	-0.025406349100000003	-0.089024064	-0.0825559488	-0.0110941461	0.00377137	0.0132453	0.00017543797209000002	1.42232316769e-05	-0.027817900000000003	-0.023617860000000004	0.0007738355604100003	0.0005578033109796002	0.08668729999999998	0.004854399999999981	0.007514687981289997	2.356519935999981e-05	-0.00249672	-0.0004106600000000002	1.6864163560000016e-07	6.233610758400001e-06	-0.000159357	0.0	0.0	2.5394653449e-08	0.00104977	-4.979999999999915e-06	1.1020170529e-06	2.4800399999999156e-11	0.0	0.0	0.0	0.0	0.0	0.0	0.0	0.0	0.0	0.0	0.0	0.0	0.0	0.0	0.0	-0.7150608698	-0.9052598201	0.203813616	-0.2556390912	0.1908444763	-0.2474974332	-1.172987391	-0.4484349641	-0.3877182319	0.1467459112	-1.153261999	-0.6208355135	-0.4284476321	0.8372776957	-0.1609502369	-1.115095222	-0.9649018641	-0.05525416992	1.467689157	0.1532661594	0.0781591427	0.02425331644	0.8798661316	-0.7459306664	0.6309496496	0.1890247869	-0.1950853185	-0.7881965772	-1.035339435
907.0603120674194	-2.4561792248753136	822758.4097278444	6.032816384709097	670.1864228264524	-1.2680478737493104	449149.8413409164	1.607945410120147	650.117920412445	-0.6895848727765497	422653.31044140214	0.4755272967622502	1.093957	18.20376	0.053549619999999985	0.03545204	-0.043217698	0.0642050562	-0.0410769725	-0.018980745900000002	0.0394512624	-0.0579760296	-0.048556004800000004	0.0219030875	0.071628567	0.08140211650000001	0.038005754100000004	-0.0596727333	0.021354380899999997	0.060289840199999986	-0.0060178359	-0.029773847200000002	-0.0070609801	0.0639999375	0.0176215968	-0.058430210499999996	0.0952564964	-0.037716174	-0.0245155843	0.1284396892	-0.0676265542	0.0664623072	0.07114601599999999	-0.044103588	0.0233661433	0.11736453880000006	0.0191054521	-0.017796923	0.0630305003	-0.0177852118	0.0012657992999999998	0.15461007529999998	0.0673804196	0.046595148600000004	-0.1544621887	-0.1277114304	0.10156327009999999	-0.0978792594	-0.10031858380000001	-0.09029283769999999	0.030775109	-0.034063135099999996	0.026815812799999998	0.0839891058	0.0821820263	0.0488435544	-0.0025194732	0.0247389867	-0.0292630395	-0.021401227400000004	-0.0858399918	0.022136557	0.12346977529999999	0.0307762467	0.0360098335	0.0684942055	0.1137103783	0.0941107471	-0.0314093281	0.0016473478	0.0652966624	0.0289108237	-0.056205512199999995	0.0351280318	-0.1247020722	-0.048610304699999995	-0.069179105	-0.0245279606	-0.031627524	-0.0160815901	-0.024595741	-0.07864574889999999	0.0169525337	0.0295363736	-0.0992142137	-0.013701256399999999	0.0145549702	-0.0579840303	0.030728961200000002	-0.060757902999999995	0.0004935047	-0.09696041679999999	0.047918492	-0.0354824141	0.0169793233	-0.11117402189999999	-0.0625286382	-0.0442896757	-0.03766936	-0.0299434169	-0.0707984021	-0.076094168	0.0234960405	0.0673897428	0.0921801356	-0.0658341764	-0.015840973600000002	0.035072529	0.0489548856	-0.13980973970000002	0.0971512563	0.0794706067	0.0349416512	-0.049519674900000005	0.0208847027	-0.0653582527	-0.0097848915	-0.0003206538	0.0251249959	-0.0689222171	0.0029666890000000002	0.2169712503	0.031105305	-0.0197714909	-0.0745102155	-0.15011912300000002	-0.0102412383	0.0630005976	-0.026799020299999997	0.0450786683	-0.12414347349999999	-0.0235873262	0.044091306100000005	-0.0536559126	0.0431787094	-0.0457420775	-0.0101097102	-0.0782185469	0.060403898399999996	-0.000338266	-0.0367793236	-0.0729737183	0.1481334456	-0.0292959239	0.041764230699999995	-0.0440556007	-0.1191521879	0.0563665737	-0.0158983355	-0.06683394570000001	0.0432562167	-0.0378529428	-0.1203784486	-0.0609758753	-0.1319746418	0.0058048119999999995	-0.0090584628	-0.0696379069	0.0695571148	0.0571017114	-0.0280759659	-0.09050034470000001	-0.0795815172	-0.0041683097	-0.00131015	-0.00508152	2.58218455104e-05	1.7164930224999996e-06	-0.041749	-0.013931099999999998	0.0017429790010000002	0.00019407554721	0.0849628	-0.001724499999999976	0.007218677383840001	2.9739002499999177e-06	-0.0020671	0.00042961999999999986	1.8457334439999995e-07	4.27290241e-06	-0.000159357	0.0	0.0	2.5394653449e-08	0.0012764	0.00022663	1.6291969599999998e-06	5.136115690000001e-08	0.0	0.0	0.0	0.0	0.0	0.0	0.0	0.0	0.0	0.0	0.0	0.0	0.0	0.0	0.0	-0.6959422278	-0.7965770827	0.9116094297	-0.006416789068	0.09428443161	0.2832204059	-0.3866588236	-0.25584532	-1.439647818	-0.08093328436	0.4420895199	0.08508522371	-0.3526001047	-0.6824101624	-1.213461874	0.8810157356	-0.2088167171	0.5745906466	0.05588684819	-0.09683211712	-0.8727095143	0.1465627205	0.4693587702	-0.4173110613	0.8886001383	-2.003015284	0.07722870378	-0.7376564868	-0.4217271933
908.7651233262512	1.7048112588317963	825854.0493741768	2.9063814282396536	670.9914219465372	0.8049991200848581	450229.488325836	0.6480235833373957	649.6618457586153	-0.4560746538296598	422060.51383449096	0.20800408986584407	1.184701	19.713772	0.06497581999999999	0.0864796078	-0.0583899643	-0.079640819	-0.1136894569	0.0331399294	-0.0862198589	-0.0750084788	-0.10337269660000001	0.0192368846	-0.0484372826	-0.0687142465	0.09778796699999999	0.013863898000000001	0.043012105599999996	0.0208453796	0.0444059105	-0.0536825539	0.061170350599999986	-0.0648060239	-0.0825286051	0.06533150809999999	-0.0048669359	-0.0250436857	-0.032940008300000004	0.0619013553	-0.0496155416	-0.0187659553	0.0468828113	-0.0257450498	-0.0402819096	-0.0702237052	0.1093804199	0.0175375151	-0.067262511	-0.1408524263	0.0525991922	-0.0606101353	-0.0464782713	0.0532484118	-0.0677408543	-0.18550183760000002	-0.001787503	-0.0601793482	-0.009531564499999999	-0.0230643546	-0.1139079047	-0.1608638868	-0.010394162	0.058366070599999986	0.006035410600000001	-0.0952077826	-0.0662589099	-0.0338494644	-0.0022661772	-0.0792188674	0.0161591461	-0.0471675809	0.10715862550000001	0.0216393571	0.0164699642	0.12119177019999999	0.0261149185	0.0135488501	0.0402522803	-0.034185925	0.023703994500000002	0.0137482223	0.0547152787	0.0755727988	0.0055861625	0.0015870839	-0.079360881	-0.0290760819	-0.1267664382	0.031819304	0.06550187610000001	0.0338558542	-0.0419114303	0.1236508859	0.0062218313	0.0106507819	0.08644158789999999	0.056166457999999995	0.048349671399999995	-0.12193313	-0.019984448999999998	0.0265591204	-0.0811929866	-0.0002898738	0.0292029334	-0.018614992099999998	0.0211910515	0.0090929212	0.0305413396	-0.0352104446	0.1250416587	-0.0096981918	0.0219466348	0.0471323051	0.004638048499999999	0.0298239121	-0.0971464626	0.043425987699999995	0.0224668879	0.0724873003	0.0642908837	0.12318728640000001	-0.010399224200000001	-0.0408752246	-0.0378898115	-0.0179318097	0.0587310042	0.1566086157	0.2163158587	0.11491390509999999	-0.0460593031	0.024526001800000002	-0.0160058113	0.0964154517	-0.1009846706	-0.0042777619	-0.0698083917	0.1242433723	0.0023264760999999997	0.0052191562	-0.05549320519999999	-0.0344319177	-0.12097093810000001	-0.0670317675	0.018524100800000002	-0.0067908091000000005	0.028904617599999998	0.0730056949	0.09955825859999999	6.676079999999999e-05	-0.033536097200000003	-0.0313186459	0.1497849719	-0.0019608516	0.0497257125	-0.021703915600000002	-0.0195596009	0.0240055066	-0.0380232477	0.0313858608	-0.0304736224	-0.000712367	-0.005309969	0.0801777815	-0.0042591286	0.0276158945	0.0868925393	0.0447078163	-0.048279079100000004	0.0559784738	-0.030722046	-0.0918059366	-0.0763402824	0.0027793585999999998	-0.00235287	-0.00104272	1.0872649984e-06	5.5359972369e-06	-0.0114496	0.030299400000000004	0.00013109334015999998	0.00091805364036	0.0744921	-0.010470700000000001	0.005549072962410001	0.00010963555849	-0.00232637	-0.0002592699999999998	6.722093289999991e-08	5.4119973769e-06	-0.000159357	0.0	0.0	2.5394653449e-08	0.00107241	-0.00020399000000000006	1.1500632081e-06	4.161192010000001e-08	0.0	0.0	0.0	0.0	0.0	0.0	0.0	0.0	0.0	0.0	0.0	0.0	0.0	0.0	0.0	-0.5334489595	-0.8029269401	1.193870797	-0.03597906172	-0.6624851403	-1.755449052	-0.8262347766	-0.477321404	1.89388859	-0.5793198886	-0.2026524714	-0.2467693787	0.9268518059	-0.5094841567	-0.4024599077	0.8419321891	-0.3785856646	1.165754685	-0.2711074524	1.448347844	-0.4754923768	1.26272098	-0.8702581611	-1.967986927	0.5878370227	-1.556114409	0.08250944826	-0.2247848478	-0.03429712982
907.9358450380532	-0.8292782881979974	824347.4987049637	0.6877024792766009	670.7056201161653	-0.28580183037195184	449846.02885540976	0.08168268624395793	649.2635948350166	-0.3982509235986527	421543.21557808865	0.15860379814717987	1.24338	20.690195000000006	0.08368128000000001	-0.1018380362	0.0840526916	-0.0101248051	-0.0988961662	-0.0155796029	0.0444059148	0.0323871275	0.0550757285	0.09558216369999999	0.0072075106000000005	-0.0023576564	0.1345235467	-0.0343887788	-0.018496356000000002	-0.0345469738	-0.021889650400000002	0.0586495145	-0.0746553271	-0.0208684308	-0.1475259075	0.03745277	-0.006207974399999999	-0.064543164	0.059039193399999995	-0.0037484332	-0.0269267683	-0.0067556488	0.0287634001	0.0557910622	0.058678110199999994	0.0109643395	0.052222384299999994	-0.0685468513	-0.0688650984	-0.0323904926	0.0336421741	0.0376373111	-0.0353960766	-0.018650443200000002	0.028893972	-0.004745440300000001	0.1640018731	-0.0372400461	-0.07882884150000001	-0.0719125617	0.0533521932	-0.058947534100000004	-0.08865169390000001	0.0788134643	0.015888661999999998	-0.055208057000000005	0.07293148990000001	-0.132019015	0.1157924278	0.048992422300000005	-0.1021099803	0.0210205267	0.0101800225	-0.1425357177	-0.007075041800000002	0.020316570200000002	0.041363891800000004	0.10144991119999999	-0.10306237289999999	-0.0094552291	-0.025348689100000002	-0.0048056491	-0.0497526725	-0.0775644458	0.0210455655	0.00972196	0.048920341	0.1453553253	0.1147788373	0.0347486936	0.029494877000000006	0.0046437037	-0.042863320999999996	0.1093260998	-0.051416719900000005	-0.0082968812	-0.09235165869999999	-0.0455318667	-0.0035482251	0.0050483252	0.1027502345	-0.0388374514	-0.018528058400000002	0.0208819446	-0.09447037429999999	0.0189925226	0.0696648185	-0.0872422917	-0.09962032539999999	0.0170589042	0.0756350985	-0.0568767607	0.0869686537	-0.0143687598	-0.00352249	0.0021552517	-0.0325077721	-0.062044458499999997	0.132129051	-0.049044289500000005	0.0340599755	-0.013755438	-0.06219090450000001	-0.0826714617	0.0495703595	-0.027601796499999998	0.051774031500000005	0.014865594099999999	0.0277598396	0.015482923	-0.11736337359999999	0.1111705238	0.0004148114	-0.052781676900000005	0.042364749400000005	0.08949984890000001	0.0167951449	0.08409416859999999	0.1572411356	0.0887554832	0.029065826800000007	0.0150446282	0.0033597272	-0.10755943220000001	-0.0677947598	0.0420826538	-0.0292277254	-0.1215729034	0.0305380733	-0.1501458185	0.049091067099999997	0.046427074400000004	-0.049433693	-0.0119690493	-0.0177055617	0.0460096486	-0.13382737949999998	0.023818234900000002	-0.012447343500000001	-0.0019529704000000002	0.0896274301	-0.027413640099999997	0.0508173259	0.0845944116	0.0310489052	0.1030218697	-0.1005947798	-0.0644073413	-0.1076819656	0.054843503700000004	-0.0333423712	-0.0929383775	-0.0728431108	0.0097124697	-0.00952945	-0.00717658	5.150330049640001e-05	9.08104173025e-05	-0.0417344	-0.0302848	0.0017417601433599998	0.0009171691110399998	0.102788	0.0282959	0.010565372944	0.0008006579568099999	-0.00204763	0.00027874	7.769598759999999e-08	4.1927886169e-06	-0.000159357	0.0	0.0	2.5394653449e-08	0.00115215	7.974000000000002e-05	1.3274496225e-06	6.358467600000003e-09	0.0	0.0	0.0	0.0	0.0	0.0	0.0	0.0	0.0	0.0	0.0	0.0	0.0	0.0	0.0	-0.6853249361	-1.171938604	0.2728767062	-0.2194324852	0.1730064777	-0.4961772982	-2.084799052	-0.3589615836	-0.6505871639	0.1549099361	-0.4912000473	-0.4059563528	-1.079803815	-1.14686062	-0.2262371453	-1.825452388	-1.527985597	0.07874688605	-0.560489806	-0.3301557766	0.9731570949	0.4448859714	0.509605181	-1.92004587	1.645214603	0.7227714027	0.4124488413	-1.104491709	-0.8426639677
904.7427798634567	-3.1930651745965406	818559.4977150551	10.195665209221236	669.5017832970843	-1.203836819080948	448232.63783797604	1.4492230869749347	649.7513343177609	0.4877394827442458	422176.7964477106	0.2378898030276245	1.3150750000000002	21.883226	0.033185349999999995	0.0824721251	-0.043990871200000004	0.13022861189999999	-0.0755403129	-0.09350495689999999	0.0771675324	-0.0999112235	-0.0420949371	0.0463383266	0.1390156908	0.0391765028	0.018828884	-0.012712221499999999	0.0515031834	-0.056255116200000004	0.0175257261	-0.0452091607	-0.0295363567	0.059304179299999996	-0.0768808428	0.0144390718	-0.011540586799999999	-0.09061827859999999	-0.020425365	0.050035391900000004	-0.09767106939999999	-0.020422415	-0.0373140992	0.0045289217	-0.043114850999999996	0.0170626337	-0.0513880125	0.0614814757	-0.0174504262	0.07390310230000001	-0.0157845936	-0.0666196651	0.0167483909	-0.051215307599999996	-0.041378497400000006	0.06489431309999999	-0.016126711499999998	-0.07370935769999999	0.048788405599999994	0.0749445934	0.0823883818	-0.08934066449999999	0.0018780677	0.0344998324	-0.1555772658	-0.13464248210000002	0.0997739895	0.014886153400000001	-0.0736912922	0.1474613729	-0.11917696119999999	0.024642885299999997	-0.1554220924	-0.0341790063	0.0258947763	-0.0103322257	0.0491583525	-0.028169091299999997	0.0547703129	0.023033665499999998	-0.0389626575	0.0321270904	-0.047485741500000005	0.1457095599	-0.0106991198	0.068346682	0.0565469845	0.10465715269999999	-0.0502348487	-0.0155632975	-0.0407542275	-0.14759259560000001	-0.0452322393	0.009727913199999999	-0.079443508	-0.105926899	-0.043831979699999996	-0.1195676503	0.0672933662	-0.0623266815	-0.0209411798	-0.1064781196	0.0104584793	-0.0618081304	0.0279763844	0.024752682999999998	0.049764051100000005	-0.030678379500000002	-0.048094165099999996	-0.09434187109999999	0.0440820057	-0.0260640214	0.0327508517	0.0322407423	-0.0251906717	-0.0030899459	-0.027079687	0.07098112	-0.09059274	-0.0196498174	0.0409937567	-0.027176260499999997	0.0561159367	-0.0172230344	0.0863395681	0.0472709879	0.0400277239	-0.0247711769	0.017835691100000002	0.056687079	-0.0752513475	-0.0629536816	-0.0952976202	0.0736965871	-0.0339256114	0.042751002	-0.10093223800000001	-0.0714212256	0.0772655792	0.15625940359999999	0.1089324567	0.0401147683	0.2792663491	0.0095303604	-0.024967843700000002	0.0521068436	-0.045910121500000005	0.0722503497	-0.0131963535	-0.0510951688	0.0539771946	0.0267129925	0.0201968113	-0.0044069044	-0.0320147625	0.0385586712	-0.0164215532	-0.008447985699999999	0.0711019171	-0.0353731929	-0.05781072440000001	-0.0004941683999999999	-0.08841260990000001	-0.1072288747	0.0895337799	0.05189790230000002	-0.006669527	-0.0184958162	0.08603251810000001	0.0536970388	-0.0359347449	-0.09389553140000001	-0.069101727	0.016594711	-0.00952795	1.4999999999997654e-06	2.2499999999992963e-12	9.07818312025e-05	-0.0417045	2.989999999999937e-05	0.00173926532025	8.940099999999626e-10	0.09945540000000004	-0.003332599999999964	0.009891376589160008	1.1106222759999755e-05	-0.00178274	0.00026488999999999983	7.016671209999991e-08	3.1781619076000008e-06	-0.000111999	4.7358e-05	2.2427801640000005e-09	1.2543776001000001e-08	0.000867971	-0.000284179	7.533736568410002e-07	8.075770404099997e-08	0.0	0.0	0.0	0.0	0.0	0.0	0.0	0.0	0.0	0.0	0.0	0.0	0.0	0.0	0.0	-0.6290675423	-0.9439978995	1.420984681	-0.5454678564	0.1010262382	0.2196107574	-1.416590325	-0.1700675093	-0.3660041705	0.06200908529	0.9284369509	-0.3779114952	0.7889939434	-0.5828630545	-1.114983576	0.9966841734	0.001381164447	0.4604425744	-1.886873654	-1.134072156	-1.757154382	-0.3282237697	-0.219445917	0.2796381394	1.154570159	-2.561600874	0.1706381882	-0.7109357387	-0.4746341656
906.5156712273033	1.7728913638466108	821770.6621806881	3.1431437880018964	670.7665788600359	1.2647955629515764	449927.8033155968	1.5997078160619949	650.3870468011838	0.6357124834229353	423003.31064676534	0.4041303615797558	1.3388790000000002	22.279327	0.08973541999999997	0.025525325699999997	0.031914371000000004	-0.06703755360000001	-0.1059669317	-0.032221368199999996	-0.0323251073	-0.0369190936	-0.009564974300000001	0.0650481102	-0.0748696887	-0.0956704441	0.0149712405	0.0292174651	0.0402352594	-0.1582969051	0.07088206429999999	-0.006136796999999999	0.0475433699	-0.0445763206	0.0413660982	0.1066634093	-0.1425949692	0.062383402699999986	0.0103134162	-0.0805537031	-0.1275862047	0.0173117385	-0.0598128328	-0.0866429807	-0.034577412599999996	0.0750319875	-0.0397017504	-0.1624594727	-0.1330398838	-0.08687997689999999	0.0135041929	-0.1263419707	-0.0162638778	-0.044466701500000004	0.026961005099999998	-0.0706308799	0.0402296595	0.057357736799999996	0.030711827	-0.009541313499999999	-0.0486507322	0.0720497984	-0.028251522799999998	0.076201146	0.0554087046	0.0193020826	0.0328544602	0.073975415	-0.0593116262	-0.08102618610000001	0.0646398555	0.018409760900000002	0.0056355362	-0.027903692799999998	0.026881368	0.0046255011	0.0085405775	-0.11605926859999999	-0.0521371065	-0.0427563021	-0.0359638235	-0.0733524299	-0.0106983726	0.0031970114	-0.10665127619999999	-0.08112290700000001	-0.0737992598	0.0930780292	-0.0145701052	0.0272388562	0.0950171072	0.0199175599	-0.0917076699	0.0372475329	0.0584619447	-0.131886305	0.0241231386	0.0194419486	0.0416865629	-0.0542717592	0.0341268696	0.088625814	-0.0781849736	-0.0431569785	-0.0298601062	0.1561130103	0.11986183310000001	0.0047760998	0.0193816962	0.0019471853	0.0643163577	0.1920465385	-0.0049305412	-0.0439866929	-0.075655793	-0.0717719394	0.0965875152	0.07559290860000001	0.0217836944	-0.06440438700000001	0.0883655331	-0.0673455431	-0.16784744899999998	0.0319620827	0.0081365592	0.1518420458	0.0026874657000000002	0.047310280700000006	0.0625466561	0.0003307889	-0.0073811577	-0.014409383999999999	0.0172521877	0.0554863987	-0.064516985	-0.024665773	0.0799085614	0.1117410806	-0.0453148067	-0.09849176009999999	0.0430488281	-0.0041304296	-0.0381386274	0.010235644	-0.0054461616	-0.0453458666	0.014686564099999999	0.0364620114	-0.0502513489	0.0651225902	-0.0359932602	0.0385059651	0.0956972918	0.0359484658	-0.0087694412	0.0407240308	-0.060929588300000004	0.0454129211	0.0874026002	0.18360192739999998	-0.0017887088	-0.0044153083	-0.0779760053	-0.0165880697	-0.1226523393	-0.0919595896	0.0279639658	0.040680414399999996	-0.0629065399	0.0525393196	-0.0384969937	-0.09467559310000001	-0.0651286743	0.023390036200000002	-0.00951615	1.1800000000001046e-05	1.3924000000002471e-10	9.05571108225e-05	-0.0143243	0.0273802	0.00020518557049000003	0.00074967535204	0.0774321	-0.02202330000000004	0.005995730110410001	0.00048502574289000167	-0.00226033	-0.00047759	2.280922081e-07	5.1090917089e-06	4.22844e-05	0.00015428340000000001	2.380336751556e-08	1.7879704833599996e-09	0.0010425	0.00017452899999999998	1.08680625e-06	3.0460371840999993e-08	0.0	0.0	0.0	0.0	0.0	0.0	0.0	0.0	0.0	0.0	0.0	0.0	0.0	0.0	0.0	-0.4469353297	-1.010843966	1.185207319	0.5026604766	-0.6239263886	-2.091072174	-1.775316421	-0.5794010901	-0.5003815633	-0.2163737822	-0.5615383587	-0.2972129486	-1.592005965	-1.267453838	-0.4067570289	0.196263438	-0.3485917755	0.54382898	0.6467484926	1.316290469	-0.7507849354	0.121942843	-1.059212411	-1.680683148	0.6505642743	-0.4105715228	0.3992678567	0.4862789682	-0.2948366553
908.4682566199416	1.952585392638298	825314.5732860761	3.812589715544456	671.3705289600254	0.6039500999894472	450738.3871560642	0.3647557232772632	651.8935767908822	1.5065299896983788	424965.2354612098	2.269632609860597	1.174333	19.541241	0.07001990999999999	-0.043380100199999994	-0.019832578400000002	0.1139042025	0.0346994066	0.0110179282	0.0078149015	0.0435992406	0.0753314033	0.040520477799999996	0.1523490732	0.0216773488	-0.015071043000000001	0.0799910954	-0.0348387591	-0.048897269400000005	0.0386385037	-0.0038533036	0.0586458546	0.0188896691	0.060250346399999995	-0.0572445121	0.0584169414	-0.0369843014	-0.1310464574	0.0003496213	-0.0607093576	-0.0834294403	-0.08890838359999999	-0.0397730204	0.0658041716	-0.06740545070000001	-0.0454387537	0.0298510662	-0.0638872289	-0.0672339488	-0.0017149485999999998	0.0216958254	-0.0140091729	0.0021521548	0.0060842313	0.0410554964	-0.0803277192	0.0563088206	0.04866993309999999	0.0984017667	0.0371971065	-0.0396782854	0.0467535992	0.08684185470000001	-0.09220666179999999	-0.1028366197	0.0578614558	0.0246509506	0.0002479224	-0.1071136009	0.0513452071	-0.10324729710000001	0.0196970832	0.0737806201	0.041471624900000004	0.025642321200000002	0.0949455875	0.0008157264	-0.0570744283	0.025760207400000002	0.010926347	-0.009359791	-0.0526323562	0.019056217	0.0184879177	-0.0181956289	-0.1097943598	-0.0022095212	0.0749761042	0.046409688	-0.084371809	-0.0612790204	-0.0868758625	-0.08566988240000001	-0.008262521	-0.0375068624	0.059981288099999995	0.0024450357	-0.0005333765	0.060370826900000014	0.028917958599999998	-0.1507687513	0.021731383700000002	-0.0052495460999999995	-0.015158994399999999	0.059984061	0.00032983169999999996	0.012122318100000001	0.07880594910000001	-0.015045613999999999	-0.0435141284	-0.024817410699999997	-0.0508280093	0.0930943462	-0.0305164902	-0.0780087176	0.039964320299999995	0.14999260960000002	-0.0079267768	-0.0092627004	-0.039548245	-0.045201839699999996	0.052314132199999995	0.014187109199999999	-0.1060747055	0.014698716899999999	-0.0415348308	-0.0206655195	-0.0923037797	0.0599861228	-0.0081880371	-0.0628252418	0.018186444	0.054972726900000005	-0.0552536627	0.0651537891	-0.0619369129	0.0558151142	0.0288277512	0.0091830869	0.1069660988	-0.0311103668	0.0383219561	-0.061863344800000004	0.053015353200000004	-0.0515302799	-0.0545841896	0.0722610256	-0.0146799525	0.1066854773	-0.0191031503	-0.026685414900000003	0.17629533320000002	0.013803860900000001	-0.023533870499999998	-0.0037744421000000003	-0.0889886429	0.006677799	0.0131559174	0.0306992679	-9.57108e-05	-0.13613049300000002	-0.0258614504	0.050449808	0.0462676933	-0.033716723500000004	-0.0677386728	0.0844858356	0.0784696204	0.051370588499999995	-0.0410269697	-0.0952770913	-0.060937272599999995	0.0300628542	-0.00482341	0.004692739999999999	2.2021808707599993e-05	2.32652840281e-05	-0.0417381	-0.0274138	0.0017420689916099999	0.0007515164304400001	0.09827489999999997	0.02084279999999998	0.009657955970009995	0.00043442231183999914	-0.00226033	0.0	0.0	5.1090917089e-06	-0.000159357	-0.0002016414	4.065925419396e-08	2.5394653449e-08	0.00118227	0.00013977	1.3977623529e-06	1.95356529e-08	0.0	0.0	0.0	0.0	0.0	0.0	0.0	0.0	0.0	0.0	0.0	0.0	0.0	0.0	0.0	-0.7737860244	-0.9430622112	0.7085194295	-0.5151144039	0.6887464254	0.131719378	-1.745817122	-0.1844124415	-0.8005545126	0.3170185247	-0.3019059424	-0.5208722725	-0.07278200894	-0.2357197179	-0.5904077095	0.5537675438	-1.338089013	-0.01217701521	0.09054242641	-0.6691581682	0.3636236436	0.5881845117	0.2267318679	0.2110953867	1.135974301	-0.9773466714	0.2267080411	-1.586936053	-1.227502608
907.4451533658126	-1.023103254128955	823456.7063671033	1.0467402686092573	670.9985850606902	-0.3719438993351787	450239.1011534483	0.13834226425265753	652.3626741603825	0.4690973695003322	425577.0586376855	0.2200523420721312	1.039744	17.301632	0.09036139	0.0319855589	0.09322216539999999	-0.0130340292	0.0684421741	0.0406173754	0.0682020025	-0.0392534548	0.052842781799999995	-0.04901315	-0.0493869736	-0.0025354315	-0.0879125349	0.0149687551	-0.071166098	-0.059388508799999996	0.0197721147	-0.0742370076	0.0213541031	0.0487787722	0.1570943521	-0.0487116684	0.08181376509999999	-0.019504350400000002	0.023295981	-0.011739356999999999	0.0420068508	-0.2021608748	-0.0749449021	-0.0147717423	0.0525047976	0.0386929433	-0.1329395206	0.0440720945	-0.0557632112	0.0204029531	0.060381838499999986	-0.0182169036	0.0223617662	0.0732443572	0.0089362134	-0.0849895566	-0.042967232800000005	0.06828084940000001	0.0118964088	0.0126955796	-0.047322444299999995	-0.0405618479	-0.10763708720000001	-0.0462598095	0.0801784333	-0.0592542698	0.0353024277	-0.022925804700000003	0.052614107199999996	0.0695247287	0.0817720096	-0.0157949251	0.0309550291	0.009637409599999999	0.0273415448	0.055141633499999995	-0.0412464744	-0.0713581373	-0.142505831	0.049277158200000004	-0.21642772920000009	0.0727160057	-0.0065312947	-0.0666121157	-0.0384218852	-0.002397593	-0.0745895405	0.1393202232	0.024310212999999997	-0.09411657529999999	0.040805051099999996	0.009786312	-0.0686586256	-0.0949922782	0.021356883599999998	0.0008941452999999998	0.022782401400000003	-0.056144577300000005	0.027157892700000002	0.058404875599999996	-0.0402857242	0.0704931211	0.0630330881	0.0002553936	-0.0247828943	-0.0044541158	0.0251463577	0.1245497743	0.0444720655	-0.027299997200000002	-0.1490224132	-0.0548500982	-0.020034965800000002	-0.0206192446	-0.015843933799999998	0.1128681096	0.079773766	0.1811519192	0.016687899	-0.0420333341	-0.10621794970000001	-0.0708948508	-0.015152281	0.0913202244	-0.0508028683	-0.025990227999999997	-0.0217442354	-0.021598624599999998	0.06242646480000001	0.1155801781	-0.011537258100000001	-0.0195418737	0.0705743519	-0.0839579194	-0.013151986200000002	-0.0521240583	0.0702600254	0.0516150813	0.0678339458	-0.0295653156	0.07303108629999999	-0.010361761700000001	-0.052249838099999994	0.0488968266	0.0327206885	0.0299667635	-0.052662072000000004	0.0689359117	0.0392747733	-0.0270188065	0.0487615187	-0.0082166758	-0.0093145792	0.056780005700000004	0.029900562000000002	0.09947665609999999	-0.08465690279999999	-0.1450724465	-0.0267937706	0.028235172200000002	-0.087086509	0.0022458861	-0.0854985559	0.018982661499999998	0.130980195	-0.0446648424	-0.1470872338	0.013838863799999998	-0.10120992699999999	0.0501910907	-0.043522552	-0.0956988917	-0.056541573899999996	0.0365782156	-0.0163418	-0.01151839	0.0001326733081921	0.00026705442724	-0.0416978	4.030000000000006e-05	0.0017387065248399998	1.6240900000000049e-09	0.0617154	-0.03655949999999999	0.00380879059716	0.0013365970402499992	-0.00187576	0.00038457000000000015	1.4789408490000004e-07	3.5184755776e-06	0.000130327	0.000289684	8.391681985600001e-08	1.6985126929000005e-08	0.00101166	-0.00017061000000000008	1.0234559555999998e-06	2.910777210000003e-08	0.0	0.0	0.0	0.0	0.0	0.0	0.0	0.0	0.0	0.0	0.0	0.0	0.0	0.0	0.0	-0.6531701506	-0.6163735088	1.291004529	0.287817013	0.3525396188	0.1221374819	-0.3689956131	-0.2647795155	-0.2407041425	-0.4460424612	0.6859718643	-0.6505530784	-0.5427468851	-0.3625562383	-0.868342909	-0.0797796655	0.4174380651	-0.2149919287	1.312990649	-0.4460345449	-0.9035631946	-1.415973501	0.2451940999	-1.548182895	1.068440854	-0.05446026266	1.423187293	-0.3218631427	-0.3644000437
912.695279246759	5.250125880946371	833012.6727593194	27.563821765782905	672.8695551436089	1.8709700829186888	452753.43823915813	3.5005290511767644	652.3494144504417	-0.013259709940825816	425559.75853383425	0.0001758199077148349	1.0358889999999998	17.237488	0.10767654	-0.0271353773	-0.1131721642	-0.038129555	0.0453792492	-0.024998245899999997	-0.1488388858	0.025530179700000002	-0.0218046362	-0.0122530126	-0.010518289299999999	-0.029254932200000007	-0.09159058240000001	-0.0065834114	-0.0379077527	0.0355432164	0.0128897477	-0.0708821733	0.0603314472	0.0501145611	0.1257672499	-0.0526424403	0.0610796675	-0.11377568380000001	-0.0737690751	-0.0069613735	0.0417676703	-0.0625830825	0.0291993029	0.025960441299999998	0.0551130118	-0.062786062	-0.037758775099999996	-0.036318043599999995	-0.15624202380000002	0.08928712189999999	0.0636891377	0.0896322997	0.0166377012	0.0082646882	0.0342944971	0.0051236948	-0.0469002103	0.0410149006	0.0188439907	-0.0281875298	0.0929583467	0.035800344399999996	0.0823085836	-0.0532870817	0.0745334778	-0.1536587867	-0.0159348676	-0.0325262785	0.0451649116	-0.0555953337	-0.0125682955	0.0444805957	0.0606165683	-0.0291502081	0.0441343983	0.09727158849999999	-0.026141826099999998	-0.0033489840999999998	-0.0703626362	-0.0498461892	-0.005491584399999999	-0.055111984100000004	-0.0156646145	-0.0162795546	-0.050830449400000005	-0.0800822704	-0.1422419086	-0.1214457727	-0.0477053338	0.1109896583	-0.0313709002	0.053178820999999994	0.021916429100000002	-0.042384621799999994	0.039555174500000005	0.0045095659	0.0590647067	0.1487341995	0.0020614870000000003	-0.0222363216	-0.0172330482	0.0275834021	0.0755688869	0.0047825717	0.0589472184	-0.0466580517	-0.0607037954	0.0787714991	0.0715441079	-0.0623880988	-0.0835674438	-0.0215239719	-0.0030436999	0.0706446826	-0.010145297	-0.0478291875	-0.021995149900000004	0.0011822653	0.0281116527	-0.072218061	0.0005558447	-0.1083558007	0.0030245387	0.0097642929	-0.0737780467	-0.0926956935	0.0304069427	-0.046517337400000004	-0.09070049949999999	0.1886680398	-0.0567441146	-0.045981746399999995	0.002436291	-0.0630424064	0.08985134089999999	-0.0003365344	-0.0071816147	0.0093398891	0.0169701429	0.0013149064000000002	0.0603770745	0.0342144404	-0.025278339900000002	-0.0757740005	0.0904371498	-0.09529196150000001	-0.0093374675	0.0104685532	0.0161490702	0.012210273999999998	-0.0492923098	-0.1539602415	-0.0332415507	-0.078508442	0.0182237047	-0.0161400876	-0.0153197186	0.0817695126	-0.0471530333	0.0688286994	-0.1122952716	0.023192941	0.0947394383	0.1166364916	-0.0505399204	-0.0725770959	0.1277494303	0.0691720996	0.0070787696999999985	0.0490010732	-0.0459816484	-0.0959401986	-0.0519563153	0.0429019957	-0.00945496	0.00688684	4.74285651856e-05	8.93962686016e-05	-0.0113057	0.0303921	0.00012781885248999998	0.00092367974241	0.05329	-0.0084254	0.0028398240999999995	7.098736515999999e-05	-0.00271103	-0.0008352700000000003	6.976759729000002e-07	7.349683660900002e-06	-0.000159357	-0.000289684	8.391681985600001e-08	2.5394653449e-08	0.00112615	0.00011449000000000008	1.2682138225e-06	1.3107960100000018e-08	0.0	0.0	0.0	0.0	0.0	0.0	0.0	0.0	0.0	0.0	0.0	0.0	0.0	0.0	0.0	-0.6274361757	-0.5375317681	1.013741291	0.161049191	0.06845226151	-1.698351182	0.04878514462	-0.4089440105	-1.043986036	-1.00002146	-0.8070618407	-0.2173155004	-0.7256706752	-0.340891889	1.401354899	0.9232977167	-0.4560668132	0.7862864192	-0.3608996957	1.604117786	0.4296467791	1.603209637	0.2166461773	-0.5675642041	0.1299627195	-1.150323871	-0.3630203164	1.108842659	0.2076599594
912.360232679236	-0.3350465675230225	832401.1941745095	0.1122562024089593	672.3350197955647	-0.5345353480441872	452034.37884350226	0.2857280383087204	652.8144977593453	0.4650833089035586	426166.76848478615	0.21630248422068296	1.286833	21.413271	0.06124024	0.0351052953	0.011766626499999999	-0.073799751	0.0344961062	0.0038135264	-0.0614080093	0.0276644544	0.0252975688	-0.1124723317	-0.0462157258	0.018011095	0.1212938036	0.0357161528	-0.0462603096	0.11495512039999999	-0.0558714376	-0.069948942	-0.0112151476	-0.036861009199999996	0.061461969299999995	-0.017705296399999997	0.0850595012	-0.0723126073	-0.0784163131	-0.0085454063	-0.0084807553	0.0177186539	0.011156600800000001	0.012849281899999999	0.0679372515	0.1254784678	0.07445980940000001	-0.0269855257	0.08895230259999999	-0.0077786218999999985	0.1121541323	0.0606255417	-0.0562394329	0.1079289367	0.020703357	0.06601608490000001	-0.0142431103	-0.10372251939999999	0.0125527476	-0.034417114	-0.0486790453	0.0422828906	0.09786040800000001	0.0368969114	-0.0556454945	0.0262411825	-0.0916809972	-0.0869087005	-0.0086279975	-0.1124548502	0.0678494407	-0.0315098391	0.1103447676	0.0422867043	-0.11983841070000001	0.047545077000000005	0.1442056807	-0.0479153121	0.0136451956	-0.033908133199999996	0.006933471700000001	0.011183176999999999	0.051877045499999996	-0.1304273881	0.1081110251	0.0009751436	0.0212048243	0.0270353077	-0.0432138715	-0.0373518049	-0.0314677058	0.1441891628	0.0410229005	0.043260527199999996	-0.0113728198	0.0396379799	0.0767126716	0.07571358759999999	-0.0111528247	0.0694776996	-0.0416940025	0.0008026200999999999	-0.0549730708	0.08783173009999999	-0.0827327249	-0.1540330115	-0.0706516768	0.0990579251	-0.0154803587	-0.0160649352	0.0227791804	-0.0516701586	0.005342851	0.08436375199999999	0.0577712597	-0.0381355731	0.0095740399	0.0201471163	0.0669666773	-0.11377451220000001	-0.0132134401	0.20112601239999997	-0.04627518	-0.0005885082	-0.0138815717	-0.1354476407	0.0099790199	-0.0395640579	0.053107054	-0.12338854449999999	0.0090246358	-0.051551182300000005	0.0725327779	0.022219168799999998	-0.001278575	0.1056001889	-0.09247381689999999	0.0458371486	-0.050076731799999996	0.0274706326	-0.0948854509	-0.0502935503	-0.0505677713	0.00022900490000000005	-0.0540991098	-0.1930730309	-0.044568862699999996	0.0264157244	-0.007286703399999999	0.0046761214	-0.0640975104	-0.011892768799999998	0.079384653	0.1290650787	-0.0807207425	0.1111440523	0.1074596769	-0.0858915905	0.0051658036	-0.0065806896	-0.0351925406	0.005169699999999999	-0.0161398492	-0.0175732456	-0.0225638797	0.0816747424	-0.1262407349	-0.0698309187	-0.0034182845	0.04780078559999999	-0.0484021975	-0.09600055689999999	-0.047196869	0.0490010732	-0.00650962	0.0029453400000000003	8.675027715600003e-06	4.23751525444e-05	-0.0313973	-0.0200916	0.0009857904472900002	0.00040367239055999997	0.07879379999999997	0.02550379999999997	0.0062084629184399965	0.0006504438144399986	-0.00271103	0.0	0.0	7.349683660900002e-06	-0.000159357	0.0	0.0	2.5394653449e-08	0.00138014	0.00025398999999999994	1.9047864196e-06	6.451092009999997e-08	0.0	0.0	0.0	0.0	0.0	0.0	0.0	0.0	0.0	0.0	0.0	0.0	0.0	0.0	0.0	-0.8140166389	-0.4465686531	0.4926662538	-0.9448778145	1.205489405	0.2633021425	-0.204295925	-0.2117722024	1.653669135	0.07581117746	-0.5924980729	-1.061504051	1.296707626	1.075225583	0.03924415892	-0.04820900494	-1.831457696	-0.2669956228	0.8498383802	0.2564848748	-0.06177493977	1.176301616	1.643994167	-1.820712984	0.1611100981	-0.2098089369	0.5112840815	-0.5678113529	-1.377317821
908.2199266107608	-4.140306068475184	824863.4350928556	17.142134340652433	670.6889731031177	-1.64604669244693	449823.6986421146	2.709469713715478	651.3776598858742	-1.4368378734710632	424292.85579839756	2.064503074640847	1.265284	21.054693	0.091974855	-0.0706717902	0.015463739099999999	-0.0093715352	-0.063686114	0.0315187178	0.0362942115	-0.0101113839	0.0162651223	0.07480424719999999	-0.0539922046	0.0652641064	0.0160851696	-0.1160720107	0.013909509099999998	0.0540749725	-0.0386571841	-0.0040683190999999995	-0.07437375360000001	0.0053585848	0.0824814153	0.0594703843	0.0327987287	-0.025979102400000002	0.0308105256	0.032444835899999996	0.1313353826	-0.0646267813	0.08838688230000001	0.09982590449999999	0.0273590411	-0.0466344733	-0.053671702800000005	0.0570921525	0.022679966099999997	-0.0250069056	0.0579467375	-0.1002075115	0.0426517879	-0.10606067539999996	0.0789389157	-0.0455660475	0.06802812679999999	0.0800645854	0.10172072189999999	-0.149020933	0.0770266575	0.0316836193	0.0024853778	-0.0380634353	-0.10078489859999999	0.1811169586	0.0132608894	-0.1175599659	0.006423520699999999	-0.0081141929	-0.033846403399999996	0.0549081506	-0.012447592	-0.0496995342	-0.1473941575	0.0757617344	-0.11815226050000001	-0.0209863257	-0.038194931200000004	-0.0829789634	-0.0201569876	0.025000371400000002	0.0582921462	0.0816668166	0.11521044679999999	0.0066637225	0.0222670547	0.036274997	0.0480266774	0.0069322141	0.041305376	-0.0177596194	0.043204321500000004	0.0548217116	-0.1039205215	0.0880597817	-0.0727475739	-0.0363742715	0.0112054787	-0.0160419299	0.1074293286	0.0372669814	0.0530840851	-0.0450093976	-0.0308367204	-0.09024478529999999	-0.0125704374	0.0508933481	-0.0634190724	0.044958543399999995	-0.1148874067	0.0343466628	0.0059305166000000005	-0.0289761952	0.0126184053	0.0972112965	-0.14215119210000002	-0.049750891900000004	0.0955364073	0.0910615664	-0.0542376803	-0.017591908700000002	0.053794914000000006	0.1324477796	0.0470064421	0.093134794	-0.022236313100000002	0.0091625222	-0.0669560054	0.0012040972	-0.11404800960000001	-0.013506774	-0.071301529	-0.1007241562	0.1701090609	0.0173863216	0.0813236975	0.0025495892	0.022242476299999998	-0.06271302690000001	-0.0858983308	-0.0709377196	-0.005346685699999999	0.0690289404	0.0086494648	-0.08610407240000001	0.0135362822	0.035992671600000005	-0.0137779563	-0.0648085427	0.1080945602	0.0154938263	0.0388406888	0.07580312269999999	-0.0096684637	0.0463566729	0.0799924835	0.08503524609999999	-0.037815546299999996	-0.0340673752	0.09117907789999999	0.019562763700000003	-0.041556707000000005	0.0652312473	0.06866671099999999	0.0530347649	0.083616827	-0.045828498200000005	-0.0130273704	0.046590479299999994	-0.05078217	-0.09587985289999999	-0.0422791915	0.054843503700000004	-0.0159579	-0.00944828	8.92699949584e-05	0.00025465457241000003	-0.06679489999999999	-0.03539759999999999	0.004461558666009999	0.0012529900857599992	0.0787973	3.5000000000312563e-06	0.0062090144872900006	1.2250000000218789e-11	-0.00239628	0.00031474999999999987	9.906756249999996e-08	5.7421578384000016e-06	9.55725e-05	0.0002549295	6.498904997025e-08	9.13410275625e-09	0.00100731	-0.00037283	1.0146734361e-06	1.390022089e-07	0.0	0.0	0.0	0.0	0.0	0.0	0.0	0.0	0.0	0.0	0.0	0.0	0.0	0.0	0.0	-0.7823837696	-0.6871083288	0.9765203692	0.2554798908	0.5353487938	0.2812315571	-0.1341851461	-0.3215518631	-0.35739997	-0.3732521839	0.3069296716	-0.03171769777	-0.41657647	-1.516478581	-0.9777088551	-0.1513155173	-0.3603714164	0.04456308368	-0.7947543602	-0.366328144	0.4065633981	0.3931817009	0.1964477523	-1.974809445	0.03123855203	1.999270234	0.2843500604	-0.1006598313	0.2642604039
910.9924281800355	2.7725015692747093	829907.2042013572	7.686764951630725	671.6770973971227	0.9881242940049332	451150.1231678238	0.9763896204027478	651.4526218929511	0.07496200707691969	424390.5185712004	0.005619302505000158	1.10889	18.452253	0.104699105	0.0389237764	-0.1106226803	-0.0280742436	0.0042076262	-0.1203321158	-0.12630245310000002	-0.0196372968	-0.0743137752	-0.0121709659	0.019666812	0.0154898254	0.01949353	0.014378208200000001	0.0997587347	-0.048833258399999996	-0.0206189859	-0.042709366	-0.10522085119999999	0.034143446699999996	-0.045084781500000004	0.0348185326	-0.06659869639999999	-0.0069740199	-0.022506431	-0.0016768426999999998	0.0784978846	0.0200985248	0.0727137593	-0.0034199665	-0.053163239400000006	-0.08231948879999999	0.0153219327	0.0171986474	0.072658746	0.08150534940000001	-0.0393794882	0.0666400562	0.0516455132	0.1596649833	-0.023787946600000002	0.058550908600000014	0.051364963799999996	0.0011976073	0.026629787599999996	0.0273365643	-0.0561749754	0.0839398215	-0.07026921929999999	-0.0004571633	-0.041862990600000004	0.0642829525	-0.043853734500000005	-0.1005550773	-0.014733013400000003	0.0317973696	0.06440949509999999	-0.0076091598	0.047930786600000004	-0.0602113096	0.07775101820000001	-0.0332081926	-0.037368048	-0.0092205865	-0.1455192841	-0.0851857279	0.0004987076	-0.0524059896	-0.014113776100000001	-0.05151327730000002	-0.012117708100000001	0.0516936375	-0.0543957653	-0.0524930931	-0.1045175476	0.0743751117	-0.032276364700000004	0.0269012454	0.0565386108	0.0308122967	0.0133849281	-0.078013129	-0.1301642716	0.10551223289999999	0.0205220154	-0.0834367989	-0.0572407398	-0.0196001399	-0.07104028230000001	-0.062172747599999995	0.056941484800000004	0.024495204700000002	0.0095180803	0.0391319211	-0.1278110411	-0.0541678209	0.009109861700000001	-0.0090179529	-0.0127652744	0.0380089733	-0.070098091	0.0513476821	-0.0779855097	-0.0381967103	-0.0406241585	0.0852270552	0.0188659321	-0.0307189525	0.0322760836	-0.1501803931	0.0157973848	-0.0973388944	-0.0910743594	-0.053482771799999995	-0.0073379856	-0.0633330049	0.029464193	0.0066118831	0.1535494242	-0.0783883375	0.0229942428	0.0423025788	0.0428153476	-0.035952462000000004	0.0142603029	0.017255991499999998	-0.0130548234	0.0467445125	-0.0783134936	0.1298093167	-0.0182079924	-0.0359736235	0.0404444427	0.0341723654	-0.0261039888	-0.0942496675	-0.0505499933	0.10466411029999999	0.034352733999999996	0.013582314299999999	0.0575232516	0.0072743043	-0.0352287807	0.0209027434	-0.0019406679000000002	0.1390849515	0.0184818019	0.025088567000000003	-0.031052129900000006	-0.0365230531	0.1263239742	0.0181450984	0.059379262099999996	-0.033055096299999996	0.0330944925	0.045370408099999995	-0.053119570899999996	-0.0955783141	-0.0372197698	0.06039868690000001	-0.00949768	0.006460220000000001	4.173444244840001e-05	9.02059253824e-05	-0.0114872	0.05530769999999999	0.00013195576384000002	0.0030589416792899987	0.07882339999999999	2.6099999999987245e-05	0.006213128387559998	6.812099999993343e-10	-0.00275724	-0.00036096	1.302921216e-07	7.602372417600001e-06	-8.76192e-05	-0.00018319169999999997	3.355919894889e-08	7.67712420864e-09	0.0013212600000000005	0.00031395000000000056	1.7457279876000011e-06	9.856460250000037e-08	0.0	0.0	0.0	0.0	0.0	0.0	0.0	0.0	0.0	0.0	0.0	0.0	0.0	0.0	0.0	-0.6803626359	-0.6688040464	1.026288656	-0.2583908218	-0.2169083083	-1.463119292	-0.6969499913	-0.4510067819	-0.3315349098	-0.6040823796	-0.6545667593	-0.336134936	0.680091349	0.4045494316	0.5355773859	0.7938829208	-0.5219483473	0.68366351	-1.699875204	1.196912975	-0.9592587664	1.50327595	0.09281704614	0.2507301406	-0.3124494358	0.2210947017	-1.494877924	0.09362830369	-0.2655978431
909.077905622216	-1.9145225578195093	826422.6384904747	3.6653966243997567	670.8987029824049	-0.7783944147178091	450105.0696634731	0.6058978648638804	652.0415157984418	0.5888939054906359	425158.13832472963	0.34679603192401404	1.187813	19.765556	0.10821594150000001	-0.050442787	0.1100884282	-0.0064405556999999995	0.0181983374	-0.0193349026	0.0571629591	0.0458022812	0.0884783482	0.0333285348	-0.0063614419	-0.0374913915	0.0762870239	0.047737237099999996	0.0033157815999999996	-0.103711046	-0.012315761100000001	0.055990202	-0.0429186396	0.0986163607	-0.0640137621	-0.0074251002000000005	0.1105003087	0.0732591496	0.007610613299999998	-0.0090911225	0.0630610717	0.0653930741	0.0251162253	-0.0251977923	-0.1118428556	-0.0334188656	-0.0362482031	-0.0060855036	0.075062047	0.0421766184	0.013210920400000001	0.0253251473	-0.0190186519	0.028422017999999997	-0.0258099942	-0.0455223163	0.0381268962	0.050315722699999996	-0.11556716859999999	-0.0341177211	-0.042470061399999995	0.020767818700000003	-0.0071455514	0.11085786130000001	-0.053738096	-0.016276505	-0.06472994809999999	-0.0918457127	-0.13387573789999999	-0.033211799300000004	0.0182664723	-0.039762375600000004	0.0102595924	0.0136621646	0.1143271109	-0.14518985210000002	-0.1142798142	0.0182319621	-0.06671723269999999	-0.0244658988	0.0049738025	-0.05893385690000001	-0.0796355229	0.1275194513	0.012935754399999999	0.0717518258	0.1809852114	0.0082785202	0.12053451949999999	-0.021124810299999998	0.030619669500000002	0.049713767199999995	-0.0527672597	-0.0046132951	-0.0025145698	-0.022934487799999997	-0.06992490400000001	-0.0412038397	-0.0267945298	0.0748896046	0.0552413158	0.0002584918	-0.0749840028	-0.0139596602	-0.061857528499999995	0.0931867874	0.025846060299999998	-0.0709219458	-0.0443705634	-0.0394035033	-0.0620469009	-0.0650552023	0.0018038379	0.1082070429	0.0571769799	0.10081621869999999	0.0519807792	-0.0449170184	-0.064619778	0.0687171136	0.0370830725	0.0255185836	-0.0036695325	0.0055338298	0.0342575925	-0.0114182292	-0.0450964268	0.1275371559	-0.0584067803	0.0015182993	0.0091734907	0.0661198791	0.1816013845	0.0072047173	-0.0028141575	-0.0475128856	-0.029678500899999998	-0.0130652449	0.0027007078000000004	-0.0251821767	-0.0802150157	0.053851808099999995	0.0168286744	-0.0557009852	-0.0025069983	0.025145765499999997	0.0789320035	0.0545248304	-0.163365601	-0.0313338208	0.1454161967	0.0223956952	-0.0550560308	-0.1947664446	0.026252376400000003	-0.0479334934	-0.028514395	0.0208745148	0.1058311886	0.037561925	0.1420229025	0.06272775400000001	0.056196	-0.1265795625	-0.0097918064	-0.112535179	-0.0159989789	0.0587261697	-0.0032603279	0.044140827699999996	-0.0554124405	-0.09509650929999999	-0.0320355658	0.0656375272	-0.00953085	-3.317000000000077e-05	1.100248900000051e-09	9.08371017225e-05	-0.0590017	-0.0475145	0.0034812006028899995	0.0022576277102499998	0.111737	0.032913599999999994	0.012485157168999998	0.0010833050649600002	-0.00251851	0.0002387300000000004	5.6992012900000176e-08	6.3428926201e-06	-8.35577e-06	7.926343e-05	6.282691335364901e-09	6.981889229289999e-11	0.00108416	-0.00023710000000000048	1.1754029056e-06	5.6216410000000235e-08	0.0	0.0	0.0	0.0	0.0	0.0	0.0	0.0	0.0	0.0	0.0	0.0	0.0	0.0	0.0	-0.8441590074	-1.139630214	0.3830569828	-0.4167046232	0.8870159825	-0.02215413194	-1.768798615	-0.3608566456	-0.6620337419	0.2800879382	-0.7892686234	-1.03792924	-0.8112632183	0.2199007827	-0.1453438498	-1.883679781	-0.6092368791	-0.3647115133	1.17542531	-0.5595605873	0.4718865717	-0.9224553262	0.4103341901	-0.7409942244	0.295950079	0.6826938154	-0.0378931919	-0.8923082982	-1.313450882
909.0362442257657	-0.04166139645030853	826346.8933160859	0.0017356719541897802	670.205109560346	-0.6935934220588251	449174.88888079545	0.4810718351232715	652.3656210285769	0.3241052301351601	425580.9035000008	0.10504420020096512	1.178446	19.609684	0.07104881850000001	0.0221959468	-0.0731422607	0.0824544791	0.057544401900000014	-0.0038476002	0.0473286709	-0.05775169910000001	-0.0117036025	0.026347541600000003	0.1193998184	0.051663596	-0.0382866939	0.0162444482	-0.0144150331	-0.0371188212	-0.006522244399999999	-0.07893265669999999	0.0167893218	-0.0265502655	-0.0184947697	-0.0257186688	0.0863073683	0.0509462485	0.0171553886	0.07155272509999999	-0.1029897334	0.1546428918	0.0727110834	-0.0422898674	0.0065918953	-0.058828240899999995	-0.0020982733	-0.021445668799999998	0.1172151526	-0.0173572602	-0.0188100202	-0.046316209299999994	-0.0408111577	0.0675874757	-0.0068876115	-0.0554518604	-0.1391292029	0.0012439424	-0.028699662999999997	-0.0478720713	-0.0954304292	-0.054041824599999996	0.0698315435	0.0646231974	0.039458599500000004	-0.0256108396	-0.0340631692	-0.0123664655	0.0772049552	0.11627786789999996	-0.1284554918	0.0534714755	-0.029914414700000006	0.0582390202	-0.0260018133	-0.121856332	0.0160726178	-0.0623679956	0.00232793	-0.0011265788	0.028859025299999997	-0.0439876834	0.046447790999999995	-0.07906779530000001	-0.12629855380000002	0.0134084268	0.1084341201	-0.0077811597	-0.0222069899	0.006534265500000001	-0.046846520700000005	-0.0935353466	-0.0168872719	-0.0891015099	-0.0510230513	0.0150284635	0.0564203136	-0.0686714783	0.0434003288	-0.0119812153	-0.0143077605	-0.1241742644	0.0659120096	-0.0461320615	0.01177015	0.0944024416	0.0367916737	0.0404067957	0.018718143899999998	-0.0261966429	-0.0051410613	-0.0529518404	0.0043702533	0.0802551056	0.1092680164	-0.08599813099999999	0.0235138441	-0.074725515	0.0569386031	0.0557100003	0.0665560539	0.15109488640000002	0.0958412759	-0.013768094299999999	0.0439742303	0.011070606399999999	-0.0884954018	0.1101888857	0.1042105235	0.053677492400000006	0.10622262310000001	-0.0734211099	0.0508873815	0.029526898	0.0129182557	-0.0342590377	0.0054466113	0.0504839169	-0.0071083022	-0.0458600875	-0.0176565196	0.0176320711	0.0529725428	0.0123270425	0.07028968099999999	0.0917879684	-0.0749994679	-0.0669716374	0.0024133618	-0.0127994482	-0.0786519874	0.0791286445	-0.06862843240000001	-0.0486284024	-0.1339067984	-0.1099479283	-0.0646989108	-0.0321105978	0.0795901959	0.0064617191	-0.0101266651	0.1464559079	-0.0084133462	0.052318002	-0.07428219400000001	-0.0698961952	0.0197566793	-0.0491769867	-0.037735633399999996	0.0429019957	-0.0576588568	-0.09443534710000001	-0.0267439602	0.0705325857	-0.00957848	-4.76299999999999e-05	2.26861689999999e-09	9.17472791104e-05	-0.045963	0.0130387	0.002112597369	0.00017000769769	0.08665830000000001	-0.02507869999999998	0.007509660958890002	0.0006289411936899991	-0.00258627	-6.776000000000004e-05	4.591417600000006e-09	6.6887925129e-06	0.00056128	0.00056963577	3.2448491046349296e-07	3.150352384000001e-07	0.00106388	-2.0280000000000124e-05	1.1318406544e-06	4.1127840000000497e-10	0.0	0.0	0.0	0.0	0.0	0.0	0.0	0.0	0.0	0.0	0.0	0.0	0.0	0.0	0.0	-0.7022140965	-0.5516540582	1.440304613	0.07898510463	0.4028782104	0.466246956	-0.04053211824	-0.1321773068	-1.007942211	-0.1898187909	0.7683407767	-0.1307312524	-0.003728822553	-0.9875905698	-1.288910567	0.2532773415	0.3733432845	0.1975231397	-0.4268332627	-1.300400946	-0.6555889443	-0.4278958147	-0.3370769751	0.5076848796	0.7649366262	-2.271935521	-0.894857049	-0.8747930321	0.1873768729
910.6754914470648	1.6392472212991152	829329.850722353	2.68713145253687	671.4894430792766	1.2843335189305662	450898.0721669171	1.6495125878485712	651.6963889368102	-0.6692320917667303	424708.1833532782	0.4478715926504733	1.208151	20.103973	0.06669342999999997	0.050691957999999995	-0.0498303857	-0.14326684050000002	-0.0154986307	-0.0369085428	-0.09053785730000001	-0.0382152771	-0.0481775992	-0.0103813507	-0.0784068168	-0.046546175	0.0389847539	0.07482249719999999	0.0327030751	-0.016750278400000002	-0.061393190300000004	-0.06695234809999999	0.010497456799999999	-0.14586685929999998	-0.0365274492	0.0279198389	-0.07625883650000001	0.0519177116	0.0037164847999999998	-0.0173190653	-0.1170934137	0.1657269983	-0.0093111421	-0.1543409826	-0.0646863015	-0.1027010602	-0.0373971373	-0.08203520190000001	0.0382478639	-0.053333040899999996	-0.0987482316	0.07286246219999999	0.047217755199999996	0.0550839003	-0.0681271125	-0.0022576814000000002	-0.0664833859	-0.0007261514	0.0908897008	-0.0603462122	0.08190751730000001	-0.0469896472	-0.0041724784000000004	0.0751826237	-0.0570019818	-0.0327692282	0.041111437	-0.0202145219	0.0325653922	0.0214487218	0.0663508237	-0.1347821172	-0.033263502599999994	-0.0555649159	0.0174307399	-0.039760590299999996	-0.027942798199999997	-0.064133183	-0.017465013	-0.1058918271	-0.0014464781	0.060202770499999995	0.0014960034	-0.04272501150000002	0.0201273077	-0.0351852002	-0.0194405696	-0.1025002184	-0.10526681369999999	0.0385396891	0.071662716	0.0903595392	0.021704242400000004	0.0556464341	0.08192600679999999	-0.0273383204	0.0802731799	0.0697746674	0.029287143999999998	-0.043547885300000005	-0.025740418199999997	0.0381108502	-0.08427741650000001	0.022005401299999998	0.0013279697	0.0718745302	-0.0307825957	0.10007607810000001	-0.0074276674	0.0507160412	0.1445191835	0.0617858356	0.018806033899999998	0.050120461399999996	0.0291800344	-0.0752570688	0.08656813039999997	-0.0422806998	-0.04643010400000002	0.0748930431	0.1589282077	-0.1145673352	0.11779578859999999	-0.09688963119999999	-0.014400674099999997	0.0259048233	-0.14072156859999999	0.0666766755	-0.003014372	-0.0645817356	0.0627029259	0.045202978	-0.0105207058	0.007145144300000001	0.058300091	0.0105511524	-0.0163209447	0.0417923401	0.0562408303	0.0171118718	0.018362227	-0.0808113173	-0.0191748423	-0.0396910369	0.04292021360000002	0.0966072643	-0.083297389	0.0753690525	-0.1187251507	0.0080062272	-0.0925025148	0.1176630374	0.0104349223	0.0143372351	-0.0023000367000000003	0.050986735899999996	0.0817481062	0.0037493493	-0.1816402416	0.0064094573	0.010387541	-0.028313774700000002	-0.1202195359	-0.01787633	-0.122275364	0.0380397096	0.0500510437	-0.0223155894	0.0079507614	0.0416541719	-0.0598569364	-0.0935960747	-0.0213626933	0.0750582242	-0.0095237	5.477999999999906e-05	3.0008483999998974e-09	9.070086169000004e-05	-0.0096583	0.0363047	9.328275889e-05	0.0013180312420899994	0.0697316	-0.016926700000000003	0.004862496038560001	0.00028651317289000007	-0.00251851	6.776000000000004e-05	4.591417600000006e-09	6.3428926201e-06	0.000361215	-0.00020006500000000006	4.002600422500002e-08	1.30476276225e-07	0.00106356	-3.199999999998343e-07	1.1311598736e-06	1.0239999999989396e-13	0.0	0.0	0.0	0.0	0.0	0.0	0.0	0.0	0.0	0.0	0.0	0.0	0.0	0.0	0.0	-0.5900559161	-0.6652022302	1.304785429	0.2100987819	0.1784545461	-1.703130124	0.0724375489	-0.3252448347	1.628826763	-0.444549294	-0.4647260984	-0.6171694841	-0.3750039212	0.0159070362	0.7516498853	-0.1707738846	-0.2184303747	0.3723099951	-0.3484354569	1.453588578	-0.2608504525	0.6405185151	-0.8935110958	-1.216523584	0.1316753251	-0.902870651	-0.05691722821	-0.1568172196	-0.5586178569
908.62366767187	-2.051823775194862	825596.9694534808	4.209980804454895	671.2982955387217	-0.19114754055487992	450641.40159319295	0.03653738226017947	651.9687571199619	0.2723681831516842	425063.2602605479	0.07418442719334939	1.156692	19.247686	0.07981177000000003	-0.0938376556	0.0037532672	0.09490395759999999	-0.0473774111	0.08412539640000001	0.0215294732	0.07057824929999999	0.08509789890000001	0.0735574178	0.0823179372	0.0491292482	0.019776457	-0.0230117946	-0.0702397901	-5.12818e-05	-0.0164403272	0.047229186500000006	0.0014100954999999998	0.0495878167	0.0392324094	0.087761005	0.049680610199999996	-0.0316909448	-0.0734211175	-0.1302714173	0.0040373965	0.0505210587	-0.0906637455	0.0190737346	0.0396970885	0.060470407300000015	-0.0796735196	-0.0145110854	0.0267179263	-0.1440775927	-0.11873412	-0.013182930800000001	-0.0037985058	-0.1437558162	-0.0149606701	-0.0179302558	0.0006465507	-0.06653174	0.062129623700000004	0.027419061600000003	0.00046043639999999997	-0.12453590710000001	-0.0770319894	0.0139076482	-0.058497576399999994	-0.0815546146	-0.0962244769	0.0398380546	0.0044251832	0.038524301600000005	-0.0128795878	-0.018543178799999997	0.0206405327	-0.0675818968	-0.0033019359999999997	0.0495689556	-0.0177569068	-0.0450857792	-0.0747332775	0.1066704792	0.0115587355	-0.0143239298	-0.0408114162	-0.055628091399999996	0.043295288700000004	-0.0884637416	0.0665641068	-0.016570303	0.10364607990000001	0.0408180159	-0.0377596595	-0.0542310933	-0.0268928411	-0.0006920564	-0.0745206549	0.021009228799999998	0.0345408789	0.0015746414000000002	-0.0201433682	0.0715286541	0.1035646023	-0.09033903830000001	0.0770926961	0.022919942599999996	-0.0609582037	-0.0083706437	-0.0021826684	-0.036186451099999996	-0.030680688799999998	0.0019657148	-0.0222377354	0.0489942062	0.0423353075	0.0817886771	-0.0334526877	-0.0381228304	0.09746836960000001	0.0409245618	-0.0328894267	-0.1077613811	-0.0831047014	-0.035115439	0.0259802313	0.030404524900000007	0.0008950547	0.1029979064	0.053616428499999993	0.09806135	0.0234265536	-0.052780687199999995	-0.046660599299999994	-0.061160559800000014	-0.1128876774	0.0225878381	-0.0796084242	-0.0025801144	-0.05879519	0.0236707582	0.08724118689999999	0.0499304687	0.0693579829	0.0020215354000000002	-0.0175400217	0.0332512186	0.0326485838	0.0546379153	-0.024582413799999998	0.0098357013	-0.000114567	-0.0768223842	0.0046483617999999996	0.0677373516	-0.0772304513	0.0176359805	0.122921469	0.1472621644	0.0775295625	-0.0452960396	-0.0025436417	-0.037361036800000004	-0.014137739299999999	-0.0226725714	0.1437963771	0.0709099381	-0.0677775109	-0.0260801545	0.029074706000000002	-0.0448502532	0.023087297599999997	0.0403976177	-0.0620048368	-0.0925802748	-0.0159098063	0.0791907393	-0.00957742	-5.371999999999842e-05	2.8858383999998304e-09	9.17269738564e-05	-0.0363415	-0.0266832	0.0013207046222499998	0.0007119931622399997	0.105869	0.0361374	0.011208245160999998	0.00130591167876	-0.00272256	-0.00020405000000000032	4.163640250000013e-08	7.4123329536000015e-06	0.000469344	0.000108129	1.1691880641e-08	2.2028379033600002e-07	0.00103699	-2.6570000000000062e-05	1.0753482601e-06	7.059649000000035e-10	0.0	0.0	0.0	0.0	0.0	0.0	0.0	0.0	0.0	0.0	0.0	0.0	0.0	0.0	0.0	-0.8664065072	-0.7424861615	0.662402323	-0.193641929	1.049564639	0.1475189363	-1.307416071	-0.1601359005	-0.3315043016	0.2018186935	-0.5552480658	-0.1480432768	-1.567993089	-1.143082829	-0.151952419	0.5406523312	-0.9721657533	-0.4050806805	-0.1760731131	-0.5786323486	1.540836868	-0.05201713667	0.5399923715	-0.4002909521	0.8207710822	0.7662106804	0.3111335579	-1.237748612	-0.9537778934
907.4807586463468	-1.1429090255231813	823521.3273133491	1.306241040622348	670.3612124482529	-0.937083090468832	449384.1551550917	0.8781247184426171	652.2285540734969	0.25979695353498755	425402.0867488044	0.06749445706606047	1.352068	22.498795	0.10535444	0.1151183251	-0.0089581826	-0.0129001736	0.04800364309999999	0.1267582879	0.0350821898	-0.1066575817	-0.0298703455	-0.0893944578	-0.0087279418	0.010329661700000001	-0.0067941124	0.0189623426	-0.0087984037	0.031476337400000005	-0.0594452704	0.0574681149	0.0333359125	-0.014309901299999999	0.06629547820000001	0.0414819439	-0.0308005794	-0.018131156399999997	-0.0062569905	-0.0370523327	-0.0239425771	-0.0498203532	0.0505602208	-0.0193932055	0.0278689078	-0.0545900033	-0.08213534809999999	0.0162475226	0.0019210127	0.0190896053	-0.06083729490000001	0.07698501349999999	-0.0199806802	-0.1257162068	-0.0562331751	0.1142559452	-0.0447551213	-0.0809609718	-0.0110199328	-0.0256185666	-0.06853725940000001	0.0174309118	-0.0082945667	-0.022753099500000002	-0.1326084448	-0.0093459089	0.011589555900000001	-0.0354688969	0.022160125899999997	0.020556086499999997	0.0150945622	-0.0034256084000000003	-0.1014024893	-0.0169923532	0.052415438200000004	-0.05629819	0.0550575712	-0.042941244	0.022851926499999998	-0.0855887689	0.0125263825	-0.10385371550000001	-0.0479844632	0.0662214702	-0.0242234045	0.0138298101	-0.10234703949999999	-0.0750640502	-0.10347057009999999	-0.08665396310000001	0.0035546253	-0.0072621206999999985	0.0228703442	-0.0310282402	-0.0033342661	0.0845435084	-0.010836874299999999	-0.063210107	0.0671225817	-0.0089972503	-0.0926246427	0.0241497065	-0.0084539577	0.029832998599999997	-0.038319719700000004	-0.0271763555	-0.0629524955	-0.00046473150000000003	0.0346555808	0.04671652019999999	0.0170857677	0.0762281907	-0.0002550952	-0.014361313700000001	-0.0092690703	-0.0277369278	-0.006025655600000001	0.012079090800000001	0.006113241700000001	-0.0461166872	-0.013831091100000002	-0.0711868721	0.0886393531	-0.0128942891	0.0549306348	-0.0528203076	0.0030055102000000004	0.007392505699999999	-0.10926604710000001	0.035033657200000005	0.027880608199999997	-0.0307072668	-0.08362383849999999	0.06296651889999999	0.0710017123	-0.0038934926	-0.10702779650000001	-0.0714737728	0.0262586782	0.0497121203	-0.0967671984	-0.0248917519	0.0498085424	0.1584009057	-0.0433290829	0.1027982958	0.0633058115	-0.0283127533	-0.06788206349999999	0.0616251741	-0.0356569695	0.08386299650000001	-0.0173174077	-0.180817065	-0.079299336	-0.0244051012	0.0766152704	0.0820990528	0.0704686434	0.07343702049999999	-0.0004592343	-0.0483545971	0.029148775499999998	0.0374836089	-0.0417150644	-0.0323178047	0.014259005	0.023046070800000002	0.09787529269999999	0.0391325966	-0.0641007573	-0.0913898634	-0.0104035805	0.0829084865	-0.016525	-0.006947580000000003	4.826886785640002e-05	0.0002730756250000001	-0.0488827	-0.012541200000000002	0.0023895183592900003	0.00015728169744000007	0.07352799999999997	-0.032341000000000036	0.005406366783999995	0.0010459402810000023	-0.00209368	0.0006288800000000001	3.9549005440000007e-07	4.3834959424000015e-06	4.93508e-05	-0.0004199932	1.7639428804624005e-07	2.43550146064e-09	0.00105861	2.1619999999999973e-05	1.1206551321e-06	4.674243999999987e-10	0.0	0.0	0.0	0.0	0.0	0.0	0.0	0.0	0.0	0.0	0.0	0.0	0.0	0.0	0.0	-0.7112382288	-0.5236456899	1.658803368	-0.2996650474	0.7333170315	0.2007052704	-0.262324795	-0.2108599396	0.9344965431	-0.7873338142	1.057174875	-1.223638367	1.77170576	0.8932499061	-0.4437181738	1.259755746	0.477304089	0.2548919501	-0.4225051789	-0.5250418313	-0.6706139344	-1.823399984	-0.1722238054	-0.8149302335	0.3269138385	-0.4541290684	0.09459071854	-0.01213855488	0.09612051592
911.7940004693304	4.313241822983514	831368.2992918652	18.604055023534148	672.2655327700462	1.9043203217933067	451940.94655059406	3.626435887994964	651.304122238329	-0.9244318351678658	424197.05964464025	0.8545742178718281	1.365405	22.720728	0.14447712	-0.0591132898	0.0186259425	-0.1315385429	-0.0661940962	-0.0899449291	-0.09759641720000001	0.0434132093	0.028359845699999997	0.0019070666	-0.10829539880000001	0.011589652800000001	0.0756192413	-0.058808159699999994	-0.0099489937	-0.0063801651	-0.005855514599999999	0.0036933003	-0.017563471	0.1134019912	0.0116653833	-0.0152032169	-0.0228970433	0.0628354821	0.0036445671999999997	-0.1187398914	-0.0024310178	0.08895287550000001	0.11085393699999999	0.053260580999999994	0.0443257436	0.0319205092	0.07868532339999999	-0.054391558	-0.06732132889999999	0.12473122369999999	-0.0069513996	0.025102937999999998	0.0305019627	-0.0187286375	-0.07498718389999999	0.0204614209	-0.0013913475	0.0389619123	-0.0150999342	-0.0102721605	-0.0278750007	0.044962981299999996	-0.0470073513	0.024827918799999998	0.005805578299999999	-0.0752346959	0.025590601	-0.057732848899999994	0.0779510496	0.0255668381	-0.0062550982	0.09250642	-0.021633241600000002	-0.0230153252	-0.0859098733	0.019301932	-0.1901351704	0.0363788623	0.0378033929	0.1067341649	0.1040551807	0.0293557375	0.060004661200000003	0.007116234	-0.0397144484	-0.053160589	-0.1409904789	0.054039747400000004	0.016148782900000002	0.049803307699999994	0.050918240499999996	0.1242744309	0.0676735019	0.10619477029999999	-0.0112399399	-0.0583143081	-0.046445565300000005	0.10586684210000001	-0.008458330600000001	0.0045698568	0.0369615412	0.076415482	-0.0070535997	-0.0058257702	-0.0833302167	-0.08452932369999999	-0.0067079966	-0.0547531387	-0.0373696011	-0.1009536125	-0.0532584199	0.0422995858	-0.0641285135	0.013709731999999999	-0.0565858296	0.009797813399999999	0.0966668166	-0.1218316168	0.0917386195	-0.0041906733	0.0101575977	-0.0051306067	-0.1395729177	-0.10386128800000001	0.028208830299999998	-0.026452028399999997	-0.029774970499999998	-0.0188402447	-0.0509026907	0.0368202661	-0.0053911435999999995	-0.037956698	0.0269489648	-0.0534627221	0.052626018600000005	-0.0474672762	-0.0342478134	0.0366334538	-0.0009825005	0.06608331740000001	-0.0002506519	0.016070397900000002	-0.0270870446	0.0368947897	0.06139098480000001	0.0613142462	0.0902913713	-0.0044782839	0.0273408417	-0.0672996389	0.1224757866	0.0036496709	-0.0346507483	0.1081605884	0.055737559000000006	-0.0984827819	0.09101575390000001	0.058965455800000004	-0.0242392966	-0.1084536722	-0.0735422022	-0.13453901810000002	-0.0999086315	0.0831303816	-0.0360559258	-0.0292510181	0.0225726875	-0.10425034779999999	0.0824997805	0.037859373599999996	-0.0661429408	-0.0900270856	-0.0048624758	0.08619199400000001	-0.0095332	0.006991800000000001	4.888526724000002e-05	9.088190224e-05	-0.00161069	0.04727201	2.5943222761e-06	0.0022346429294401	0.0910251	0.017497100000000043	0.008285568830010002	0.0003061485084100015	-0.00308626	-0.00099258	9.852150563999998e-07	9.5250007876e-06	0.000390705	0.0003413542	1.1652268985764001e-07	1.5265039702499998e-07	0.001179	0.00012038999999999995	1.390041e-06	1.4493752099999988e-08	0.0	0.0	0.0	0.0	0.0	0.0	0.0	0.0	0.0	0.0	0.0	0.0	0.0	0.0	0.0	-0.7486752895	-0.7436262335	0.98644213	0.2398159154	-0.04770472262	-1.274151074	-0.666841768	-0.3100468586	-0.4897715761	-0.6477375305	-1.291032983	0.8419064668	-0.5460865454	0.1412633139	0.6861653112	-1.455761632	-1.313376843	0.6204094902	1.098411431	1.067066381	0.4845165222	0.5626512974	0.2318599847	-1.383083775	0.5204501611	0.8889370786	-1.101817846	-0.1315271632	-0.3453531978
907.0177437164112	-4.776256752919039	822681.1874164095	22.812628569804726	670.9872943224627	-1.2782384475834758	450223.9491421792	1.633893528880615	651.0371627911676	-0.26695944716141184	423849.38733517326	0.07126734642872665	1.210363	20.140783	0.11269511	0.0095955796	-0.0624926404	0.1234512123	-0.1252749702	0.0121232756	-0.0101399616	0.0043756989	0.0056505808999999995	0.021925946800000002	0.09421037289999999	0.113057041	0.0479602458	-0.0613930959	0.0317077518	-0.0040833065	0.0014868251999999998	-0.0708551801	0.050438038399999996	0.0540482863	0.0040706215000000006	0.0418926394	0.1009996642	0.0220620062	-0.0115558448	0.0785174	0.0314818713	-0.0457211842	-0.1459426	0.0394140789	-0.0184640803	0.14789839470000002	0.0896536142	0.1272976662	0.1180641517	-0.0014123141	-0.1048328984	0.0410091238	0.0503388116	-0.04960873230000002	0.049649092199999995	-0.0001228325	-0.0969357031	0.1132728861	-0.017456708	0.0349111951	-0.001137798	0.0158586748	-0.052942014	0.0796769207	-0.0581903985	-0.0315236986	0.1053371206	0.0067451635999999995	-0.055071607800000005	-0.002569197	-0.0051972978	0.10505317619999999	-0.022636616499999998	0.008788462	-0.027065729900000002	-0.0712046018	0.0021201991	0.031146021	0.1174077423	-0.0916299235	0.014507451999999999	0.0567842185	-0.12593698609999998	-0.0290513796	-0.048113887599999995	0.028063560699999997	0.0510523933	-0.0094794384	-0.012214004799999999	0.0172857869	-0.0428368041	-0.10312014380000001	0.0041621609000000006	0.0611141345	-0.1293028572	-0.050254818300000004	0.0372927452	0.013752051000000001	0.0080912652	0.006218729	0.0238820941	-0.13142992369999998	0.051332436399999994	-0.1093995775	-0.0199691837	-0.09374266220000001	0.027224622200000003	-0.0218006393	0.016884347	-0.0768862099	0.023404529500000004	0.0044117743	-0.0596395614	-0.057830728	0.0977101259	0.1078650946	-0.043525864000000004	0.0712868462	-0.1574484216	-0.0590907063	-0.09443935869999999	0.0703580869	-0.0047502244	0.0485122852	-0.0775924941	0.0532943818	0.0033888871	0.026306192599999997	-0.0887160822	-0.044797575	0.131892544	0.059747826500000004	-0.0119846103	-0.0327479112	0.0091673681	-0.0765485585	-0.0374952883	-0.0020703205	0.1355597388	0.0356536086	0.0926712079	-0.0621598045	0.08662585980000001	-0.0076041211	-0.0180727217	-0.0306121481	0.0807165972	0.0271278793	-0.0036048462	-0.022829856000000003	0.0614728094	0.021015926299999998	-0.0092611328	-0.058601455499999996	-0.14497552619999998	-0.0240387725	-0.060215187999999996	0.0357231575	-0.0116768931	-0.0358137179	0.024187108399999997	0.0694813456	-0.040736081699999996	0.0303779242	-0.0424404033	-0.0092688691	0.06747621200000001	-0.0126229098	-0.1859913343	0.0365782156	-0.0681296754	-0.0884945117	0.0006949307000000001	0.089024064	-0.01264	-0.0031068000000000003	9.652206240000001e-06	0.0001597696	-0.0559727	-0.05436201	0.00313294314529	0.0029552281312401	0.106406	0.015380899999999987	0.011322236836000001	0.00023657208480999965	-0.00263039	0.0004558700000000002	2.0781745690000011e-07	6.918951552099999e-06	0.00014801700000000002	-0.000242688	5.889746534399999e-08	2.1909032289000003e-08	0.00108065	-9.834999999999988e-05	1.1678044225000002e-06	9.672722499999974e-09	0.0	0.0	0.0	0.0	0.0	0.0	0.0	0.0	0.0	0.0	0.0	0.0	0.0	0.0	0.0	-0.8648074436	-0.7273525976	1.18045556	-0.5824512942	1.082825213	0.6409310302	-1.133972267	-0.1032829258	-0.8488739417	0.04181282592	0.4143065701	0.1798095975	0.008878661058	-0.4379475406	-0.625368423	0.9108593837	-0.1530885173	0.2541618201	-0.07643854926	-0.03929241506	0.1821779327	0.710685626	0.466463959	-0.110803078	0.4936779613	-1.42999179	-0.4286676709	-1.320369653	-1.177949987
905.6783766310804	-1.3393670853308777	820253.321897109	1.7939041892677303	670.3215824388998	-0.665711883562949	449331.0238833907	0.44317231191692935	651.1667134369502	0.129550645782615	424018.0886882792	0.01678336982269258	1.2171530000000002	20.253775	0.08077924	0.083311213	0.048916452199999995	-0.0461615521	-0.068374927	0.0494293421	0.0216448676	-0.0848034663	-0.046836996299999996	0.015103528400000003	-0.1000898617	-0.014792159499999999	0.031199301800000002	-0.0122940967	-0.0079256542	-0.0597798298	0.0342658319	-0.1291858799	0.0555525234	-0.006716648100000001	-0.032852817	-0.0132025563	0.0265829081	-0.0380614881	0.11718214240000001	-0.1119350482	0.0258524054	-0.0390884156	-0.0070114351	-0.023722032599999998	-0.012688866699999999	0.09968450710000001	0.0382392867	-0.0431944655	0.0924518659	0.0699920983	0.054809261799999995	0.0146589963	-0.0019711095999999997	-0.0393569554	0.0085432284	0.050625913700000004	0.0029530084	-0.0266886413	-0.0747770392	-0.0167874895	0.0808651884	0.0164052626	0.0224677635	0.122050638	0.1094049151	0.0397499487	0.1468279933	0.16482341550000001	-0.0173968543	0.0032407287	0.1244823263	0.0784688768	-0.031482087400000004	0.0069664264000000005	0.0212858333	0.0007593872	0.0002960834	0.10063494939999999	-0.20029186780000002	-0.0682228121	0.011652226699999999	-0.1574137279	-0.0122451108	-0.0934833647	-0.0475514228	0.0531329523	-0.0014820694	-0.1436814855	-0.0487053148	-0.0578785507	0.12080522369999999	-0.027318539500000003	-0.0596557333	0.0481373765	-0.0131446856	-0.0045004297	0.0050126915	-0.0315254273	0.048273892199999995	-0.0657233758	-0.0238444568	0.0794280349	0.006668612900000001	-0.033493295	-0.0219772435	-0.0228001047	0.059594155	0.0876764016	0.059731479000000004	-0.10349754929999999	0.0768022165	-0.036773117599999995	0.098060466	-0.0243509602	-0.041028167000000004	0.0493600964	0.0677874564	-0.0174088647	-0.048238004699999996	-0.0836235815	0.054712743200000004	0.057517712699999994	-0.1385003473	0.026340088900000003	0.043694282	-0.09161761310000001	0.0187799809	-0.0935569175	-0.0836760381	-0.12635551050000002	-0.0195056553	-0.0450856257	-0.029574242200000007	-0.0352046611	0.0536226308	-0.1544226948	0.1122226603	-0.0171457073	-0.0168325901	-0.1087814963	0.07888688349999999	-0.0358938782	0.11248245720000001	-0.0666030364	0.0318188681	0.0887044201	-0.0056312085	-0.075756255	0.0168003039	-0.0552332248	0.0339277584	0.1230298714	0.14406833189999999	-0.12108579470000001	0.0033202221000000003	-0.0813539473	0.0017769615	0.014414068	-0.009550448000000001	0.23664282879999998	-0.0644549131	-0.0490611757	0.0135929203	0.014361018500000001	-0.0332053364	0.1102732434	-0.0062215255	-0.0456768062	0.03414299	0.0352893912	-0.0700592955	-0.08679503220000001	0.0062500073	0.0913898634	-0.00950616	0.003133840000000001	9.820953145600003e-06	9.03670779456e-05	-0.0135269	0.042445800000000006	0.00018297702361	0.00180164593764	0.08389789999999997	-0.02250810000000003	0.007038857624409995	0.0005066145656100014	-0.00263039	0.0	0.0	6.918951552099999e-06	0.000264557	0.00011654	1.3581571599999996e-08	6.999040624900001e-08	0.00121794	0.00013728999999999998	1.4833778436e-06	1.8848544099999998e-08	0.0	0.0	0.0	0.0	0.0	0.0	0.0	0.0	0.0	0.0	0.0	0.0	0.0	0.0	0.0	-0.71858717	-0.6177487132	1.734351557	0.3829873932	-0.07708233153	-0.7886734937	-0.8715560146	-0.3151988842	1.134703729	-0.4342383995	-0.003549967928	-0.7432626485	-0.9189263379	-0.7507599322	-0.7394443135	-0.1488499338	1.024068778	0.3899607964	0.4977930888	-0.09035438276	-0.8544701939	-0.5723341568	-0.7736598965	-1.17175	-0.6940503434	-0.9562575858	0.3920820935	1.566390803	0.2106153741
914.5935936489368	8.915217017856436	836481.4415436765	79.48109447547698	672.9104860772815	2.58890363838168	452808.5222727632	6.702422048825902	652.5042454430087	1.3375320060584954	425761.79032115015	1.7889918672308631	1.179903	19.63393	0.07173865	-0.112646585	-0.0944640006	-0.0204659167	0.0394966919	0.0771645763	-0.164327834	0.10379967470000001	0.0337324244	0.0519525458	0.047542784500000004	-0.0183644341	-0.026295429500000002	0.059221282199999996	-0.004507129	-0.030494237599999998	0.0108590908	0.030984385299999997	-0.0088848344	-0.010995183	0.0624969208	0.1540097328	-0.1036228528	0.0195479446	0.07059519339999999	0.0020982098	0.0474799807	-0.0599480488	-0.049358224400000004	0.1452109402	-0.0346180361	-0.14132756	0.1074438292	-0.023450454199999998	0.04534942980000002	-0.0140479022	0.0532950854	0.1215242216	0.1426080357	0.028608461800000002	-0.10067259560000001	-0.0732125666	0.18470713460000002	-0.08536416599999999	-0.12693730779999998	-0.15471805689999998	-0.011338318500000001	-0.0170438838	0.1304180456	-0.0797574816	0.05316335	-0.0662184649	0.0742692898	0.0607097666	-0.0379446532	0.1262781902	-0.1006528162	0.022839901	0.0282815757	0.1306590357	0.1166246186	0.034676140099999996	-0.0736896983	0.041437517400000005	0.0042510634	-0.0869073402	-0.0028473721000000004	-0.11821602279999999	0.029842065299999998	0.04737525769999999	0.034523145299999995	0.0119654845	0.1573458049	-0.025025606699999998	0.0303260544	0.1621174658	-0.0445133733	0.0510724863	-0.0044289756	-0.0168124445	0.028767692200000007	0.0344216408	-0.010021026	0.1819777232	-0.0358526453	0.0214145405	0.0589203946	-0.0624637137	-0.0181525529	0.0243431675	0.054513275800000004	0.0907605717	0.022930906400000003	0.0180604375	-0.0541846428	0.0315295494	-0.0377346713	0.1192484622	-0.0356832578	-0.0733184751	-0.1018629251	0.0062723321	-0.1226613976	-0.0019805573	-0.0201941094	0.0111745819	0.0772087856	0.0459097371	0.06577513230000001	-0.1052781261	-0.0758622412	-0.09495697130000001	0.135648174	0.109237372	0.0755239212	-0.052987560999999996	-0.19949976190000002	0.12645991939999998	-0.0189470845	-0.09995211710000004	0.09449941769999999	-0.053901766799999994	-0.0241638546	-0.0638375321	-0.0214892629	-0.0301301666	-0.0605824032	0.017314476000000002	0.1272245699	-0.0372434715	0.0226585254	0.019559186200000002	-0.0330168656	-0.0370582895	0.0472502187	-0.0308724795	-0.0301282645	-0.07449898	-0.1342819909	-0.0800765421	0.1495486143	-0.1591358625	0.0467730961	-0.0444707612	-0.0327205448	0.1373907154	0.0216360652	0.0899723823	-0.040897309900000005	-0.021050091899999998	0.0109412884	-0.0674572979	-0.17400430420000002	-0.0287229538	0.0504506884	0.0339931704	-0.0719301834	-0.0849318525	0.0117841304	0.09327700109999999	-0.0173289	-0.007822740000000002	6.119526110760002e-05	0.00030029077520999997	-0.00514639	0.00838051	2.64853300321e-05	7.023294786010001e-05	0.07011360000000001	-0.013784299999999958	0.004915916904960002	0.00019000692648999884	-0.00308072	-0.0004503300000000001	2.0279710890000007e-07	9.4908357184e-06	0.000480249	0.000215692	4.652303886400001e-08	2.3063910200100003e-07	0.00104894	-0.0001690000000000001	1.1002751236e-06	2.8561000000000037e-08	0.0	0.0	0.0	0.0	0.0	0.0	0.0	0.0	0.0	0.0	0.0	0.0	0.0	0.0	0.0	-0.7478395381	-0.5653173184	0.6014958825	-0.000191607092	0.3930626661	-1.158433265	-1.409398802	-0.3146922167	-0.444712578	-0.7103413448	-1.441211494	-0.627483016	-1.383655494	-0.4508128257	1.165983122	0.5736535894	-0.4591625107	0.4481776858	-0.7619511926	1.408993822	2.241268107	2.113350594	1.495059947	0.334802759	0.07273873616	1.046677202	-1.674123399	0.03234882428	-0.6610722995
909.538521511064	-5.055072137872799	827260.3221125322	25.553754319097862	670.7714613414314	-2.1390247358500574	449934.3533501194	4.575426820578408	652.7162815868228	0.21203614381408895	426038.5442485285	0.04495932628354902	1.246732	20.745985	0.09993679	0.077867674	0.051418553	0.0097437453	0.0786926442	0.1274669811	0.039747239	-0.048357956900000006	-0.0037669561999999998	-0.1014724218	0.0055920870999999995	0.024882739900000003	0.061485600999999994	0.0578644226	-0.0418931677	0.0131465115	-0.0494591939	0.0863048584	0.060589462300000015	0.012410280800000001	0.0720842269	0.0628543546	0.0003537121	0.0817706394	-0.0499643776	0.09779394720000001	0.0412351274	-0.057000263600000003	0.0668919825	0.0867544035	0.0638814821	0.0215353062	-0.1354124636	-0.0782781541	0.1608796464	-0.0280649619	0.0145196402	-0.1480870303	-0.0498816912	0.0013401451	-0.0202911169	-0.06524048860000001	-0.0684933184	-0.059838303600000003	-0.1250744978	0.0347509806	0.0527156466	0.0614013547	0.052890007	-0.0132795022	0.044038445700000005	0.0340359611	0.055231314299999994	-0.09190025550000001	-0.07097095910000001	0.0011955865	-0.042301818399999996	0.0006247493	0.041111841	-0.043282789	-0.044746350899999995	0.0194014053	-0.034803139500000004	-0.0462506757	0.12090260470000001	-0.039913001000000004	0.0718403483	-0.012001875300000001	-0.051410366900000004	-0.0818842347	-0.0421437921	0.0228126958	0.07080870730000001	-0.09504816769999999	-0.0362175743	-0.1181936067	-0.0347438281	0.0328004868	-0.013808793	-0.033778393500000004	-0.0179955596	0.1150670557	6.502649999999999e-05	-0.0362616973	0.021405587400000002	0.0239574548	-0.0900819924	-0.0330070319	-0.049425986799999995	0.046151065	-0.0898973383	0.0094106857	-0.0811405857	-0.0344239698	0.0180607751	0.0188661203	-0.06712650719999999	0.1033769501	-0.1283901392	0.013412010600000001	0.0184462484	0.0379435377	-0.1103428555	0.0390131555	0.0985587943	-0.0757111705	-0.0001945422	0.0240911333	0.09839132910000001	0.127667361	0.0648533917	0.05833097690000001	-0.011331720200000001	0.06608537240000001	0.042399118	-0.0825308594	0.0626211498	-0.08298002139999999	0.1242442565	0.0900453481	0.0571103475	-0.0152156351	0.0552312479	-0.10428013	-0.046514601399999994	-0.005721479200000001	0.0017590670999999998	0.0574158963	0.0008015139999999999	-0.0828515736	-0.1086799517	-0.0128128654	-0.0122431948	-0.0182588863	0.0528728822	-0.0496287703	0.031940087400000004	-0.023168145499999997	-0.0165949173	-0.0393284161	-0.049488324800000004	-0.065695451	0.0740766851	0.06538102259999999	-0.0209467248	-0.022918838599999998	-0.0038417403000000003	0.0075552528	-0.06580624339999999	-0.0054706684999999994	-0.007240685699999998	-0.0413786507	0.09804589949999999	-0.0396995325	-0.0452532962	0.032689825	-0.0737407709	-0.0829084865	0.0172787462	0.09467559310000001	-0.00955727	0.007771630000000002	6.039823285690002e-05	9.13414098529e-05	-0.0559855	-0.05083911	0.00313437621025	0.0025846151055921	0.0939979	0.023884299999999983	0.00883560520441	0.0005704597864899993	-0.00287487	0.00020585000000000004	4.237422250000002e-08	8.2648775169e-06	0.000359144	-0.00012110500000000005	1.466642102500001e-08	1.28984412736e-07	0.0010270600000000002	-2.1879999999999733e-05	1.0548522436000004e-06	4.787343999999881e-10	0.0	0.0	0.0	0.0	0.0	0.0	0.0	0.0	0.0	0.0	0.0	0.0	0.0	0.0	0.0	-0.8539259729	-0.4889432996	0.9878295657	-0.5707652504	0.6854255122	0.64153825	-0.5585956743	-0.25932123	1.195533614	-0.1068058641	-0.324930222	-1.621879466	1.386496009	-0.2857719415	-0.8793241899	-0.235626528	0.5379277319	-0.04792539738	0.5504119756	-0.2614894804	0.06834361581	-1.370366114	0.7212734151	-0.4118097317	-0.2641233711	-1.025793329	0.3724819677	-1.254255283	-0.571958834
908.5375362455001	-1.0009852655639406	825440.4547670435	1.0019715018761128	670.5402180284952	-0.231243312936158	449624.1839937019	0.05347346977768988	652.0527033645199	-0.6635782223029311	425172.7279649785	0.4403360571147181	1.097586	18.264151	0.08517948999999997	-0.045709842	0.016069424199999998	-0.0726406147	-0.0235957389	-0.0244609514	0.0023599929	-0.0364535778	-0.0108244507	0.0774444496	-0.054308795300000004	-0.0190346899	0.0117110734	-0.0581196051	0.0170709884	0.003641176	-0.0911700614	0.0511184945	-0.0106476874	-0.0289524376	-0.0238434942	-0.073561982	-0.0255609204	-0.0090735834	-0.023271032	0.020587735700000002	-0.0194684143	-0.0184781844	-0.0248961416	0.0384592914	-0.0973037593	-0.007921345	0.0352984567	0.11029132679999999	0.0501014217	-0.0286073034	-0.0124120407	-0.0656565459	-0.0516212338	-0.017073430900000002	0.10118401210000001	-0.026358418300000002	0.0236393107	-0.047569869199999996	-0.0149555702	-0.046214193099999995	0.06290990860000001	-0.10482365210000001	0.11318493119999999	-0.1623028558	0.07586816730000001	-0.1087152781	-0.0347254553	0.1092307042	-0.0010586251	-0.0130332308	0.1270966241	0.0138303766	0.0261826497	-0.005286670500000001	0.048144069299999995	0.014275719499999999	-0.004785922299999999	-0.0225853214	0.0503310642	0.1756664688	-0.0002157675	0.0454714338	-0.0236443742	-0.045160628	-0.0212219519	0.0360112277	-0.0181002574	0.0116504714	0.013611096299999998	0.0298543321	0.0635646684	-0.0111843249	0.0075916343	0.0345963483	-0.0033836184000000003	0.048172337	-0.11705257640000001	-0.018043673700000002	0.0391166176	-0.04846623	0.08802798939999999	0.0700379724	-0.0106433653	-0.023675229	-0.0427113638	0.0023940594	-0.0884768909	-0.0282499471	-0.05182703	0.0090692021	0.057403175199999996	-0.0746785906	-0.0142689652	-0.031541401600000005	-0.0129591898	0.032296399100000005	-0.040288852	-0.0337311664	-0.1331477377	0.056823356	0.0401050846	0.0489945029	0.021716896099999997	0.037856723599999996	0.0376935007	0.0014482712	0.11082990599999999	0.0573910849	-0.0015880482999999998	0.06251713219999999	0.008273219699999999	0.0285158485	-0.1330609793	-0.036386476099999995	-0.034330151600000004	0.0557641089	0.0215462604	-0.0705081562	-0.1935274181	-0.0304616804	0.0982212807	0.06765248559999999	-0.08771421289999999	-0.0964741196	0.0537075632	0.0351337665	-0.0182822825	0.0722358456	0.015822027	0.014929246100000003	0.0037533634999999997	-0.0752427954	-0.0059018953	0.0371988232	-0.034080585	0.011735023899999999	-0.11995756630000001	-0.1422244897	0.0170112044	-0.063272089	-0.09569665320000001	-0.0476555015	-0.0261081073	0.1105884049	0.0468467879	-0.0822292004	0.0063317057	-0.0324212098	0.0574727845	0.031379628	-0.0754895399	-0.0807287506	0.022715433700000003	0.0955783141	-0.00951788	3.9390000000000265e-05	1.5515721000000206e-09	9.05900396944e-05	-0.0288007	0.027184800000000002	0.0008294803204900003	0.00073901335104	0.069011	-0.02498689999999999	0.004762518120999999	0.0006243451716099996	-0.00251423	0.00036063999999999975	1.3006120959999984e-07	6.3213524929000015e-06	0.000131946	-0.000227198	5.161893120399999e-08	1.7409746916e-08	0.00109859	7.152999999999977e-05	1.2068999881e-06	5.116540899999967e-09	0.0	0.0	0.0	0.0	0.0	0.0	0.0	0.0	0.0	0.0	0.0	0.0	0.0	0.0	0.0	-0.7382311469	-0.5031864049	1.331546651	0.1612030137	0.522221692	-0.6717516263	-0.2007824344	-0.206625248	-0.1702968759	-0.3423229285	0.0204405474	-0.1980243289	0.2208938334	-1.270352412	0.1629219422	-1.507113418	0.2034396968	-0.1629700174	-1.402277753	0.01464378646	0.2896532606	-0.821417395	-1.636602118	-1.668920729	-0.09349763033	-0.0187002926	0.002204624456	0.6130963878	1.048709857
911.1942694539914	2.6567332084913455	830274.9966857932	7.058231341100723	671.3465020121054	0.8062839836101148	450706.12576388975	0.6500938622261958	651.6960949681612	-0.35660839635863795	424707.8001967506	0.12716954835347946	1.066673	17.749751999999994	0.06387977999999997	-0.0568240484	-0.0899347861	0.0417239946	-0.0454842149	-0.0171685476	-0.07453531690000001	0.030168104700000007	-0.0040464828	0.0330878581	0.0556384713	0.0583556181	0.03713293	-0.0177369253	0.0371487146	0.026814433999999998	-0.0168310875	-0.0092835922	0.0139209949	0.059166557599999996	0.0069416629	0.0419243617	-0.0438443036	0.0201295418	0.1066566943	-0.09454941119999999	8.207229999999999e-05	0.0846378113	-0.1290087888	-0.075857962	-0.0185541119	-0.0194706701	-0.0410153909	0.1712320843	-0.0247653877	0.0289913648	0.0356789422	-0.0059376409	-0.0415807091	0.0834935608	0.0133480567	0.030840883399999998	-0.0715800002	0.0247758334	-0.0623984331	0.007594695899999998	0.069277075	0.027920954100000003	-0.0141709973	-0.0036870035999999997	-0.085636666	-0.0640457625	0.012185955	0.0162781501	0.0416767834	-0.10184936	-0.0244436937	0.0201052893	0.0355579507	0.0194226778	-0.0405555471	-0.006556070799999999	0.0595548117	0.1372791437	0.0243211937	0.0985345199	0.020300383	-0.0660140096	0.1001344656	-0.1049177053	0.0358789536	0.0151731591	-0.0460786433	0.00022100619999999998	-0.0044767858	0.0812401168	-0.052078170199999996	-0.012669287900000001	0.0515261984	0.0460011078	-0.0487896286	-0.0291754682	0.04133289	0.0739394441	0.0019093024	-0.0128578883	0.0627336022	-0.09616184859999999	-0.0104788393	-0.0349258287	0.0191282945	-0.01013535	7.10103e-05	-0.0002060204	-0.05385294349999999	-0.0562546901	0.007482002	0.07578832190000001	0.0236867529	-0.0580726225	-0.0467268047	0.0265730304	0.1603703095	0.017136418100000002	-0.07359879700000001	0.1106676872	-0.0885036871	0.0006698559	0.0144625921	0.0315037954	0.0446847573	-0.075187437	0.007139089300000002	-0.0713598907	-0.0259297303	0.0236057373	0.0672015861	0.0562132066	0.0389482055	0.0426682302	0.0465044244	0.0467789178	-0.08412921609999999	-0.0112942126	0.007409431	0.070028862	-0.0586194059	0.010613388799999998	-0.0357795334	-0.1133505774	0.10989736539999999	-0.068446424	-0.019500659	-0.0556494741	0.0896609149	0.0355164652	0.0718560008	-0.0097301374	0.0349073732	0.09844223490000001	-0.09538095640000001	-0.05376750190000002	-0.0600048492	-0.1090682322	-0.08530630939999999	0.030306104700000006	0.0238230309	-0.0203525171	0.1467420526	-0.0369354003	0.0750326872	0.1183670619	0.0458539308	-0.0859632291	0.0073396416	0.0300628542	-0.0771750246	-0.0783967557	0.0280759659	0.0959804361	-0.00957701	-5.913000000000099e-05	3.496356900000117e-09	9.17191205401e-05	-0.0296746	-0.0008738999999999969	0.00088058188516	7.637012099999945e-07	0.0836185	0.014607499999999997	0.00699205354225	0.00021337905624999983	-0.00314833	-0.0006340999999999999	4.020828099999999e-07	9.9119817889e-06	0.000446081	0.000314135	9.8680798225e-08	1.98988258561e-07	0.00111714	1.854999999999999e-05	1.2480017796e-06	3.4410249999999964e-10	0.0	0.0	0.0	0.0	0.0	0.0	0.0	0.0	0.0	0.0	0.0	0.0	0.0	0.0	0.0	-0.766537215	-0.3747457857	0.8387809867	-0.08008791339	0.3591662602	-0.98007452	-0.6844994968	-0.186298982	-1.33367955	-0.1204826468	-0.8888876696	0.07865433987	-1.053533517	-0.3017490262	0.1602422809	0.04206029576	-1.895741787	0.08953605384	-1.400607545	0.1018971983	1.407657238	0.9255190541	0.7356060322	-0.00954391662	0.2712594102	-1.188815106	-0.7674566187	-0.4978008231	-0.6999318628
909.3226078131663	-1.871661640825096	826867.6050801375	3.5031172977360896	670.4910719986589	-0.8554300134464938	449558.2776299107	0.7317605079050686	652.4119900355788	0.7158950674175912	425641.4047421842	0.5125057475528375	1.35738	22.587194	0.07284796	0.0531175138	0.0566701709	0.0033368907	-0.0258033821	0.0105559521	0.060753330599999995	-0.0293712158	0.0025549517	-0.0371231619	-0.007416326	0.0183447298	0.0864968835	0.0258233025	-0.0117971501	-0.0266648885	-0.0169817613	-0.0529103075	0.061786154	-0.0040467643	-0.0226295438	0.030682899700000002	0.0105881665	0.1336004631	-0.0085769796	-0.0187055693	0.0492155654	0.0271908956	0.0172497037	-0.0247060096	0.0186234843	-0.0477263388	-0.11560004189999999	0.07980425349999999	-0.1512463368	0.0029899937	-0.1102462536	-0.0642653471	-0.1431570996	0.0854101473	0.0750645499	0.0995872725	0.014343358700000001	-0.0375314324	0.0560988441	0.0829877539	-0.0454729068	-0.0648032846	0.021232053799999998	0.044944607000000004	0.0648577094	0.051425739000000005	0.0260608685	0.0557191913	-0.0405467363	-0.0471254694	-0.0291189416	0.0260791031	0.0348041209	-0.0612823842	-0.0985730555	0.11211030890000001	0.0038661339	-0.0728658819	0.0841378535	0.1194741388	-0.0171850195	0.09701027109999999	0.0839344732	0.0823109147	0.07027749	-0.0398449032	0.07920500030000001	-0.0226492817	-0.0042195895	-0.0726724582	0.0191190795	0.0101938197	-0.024564263700000002	0.0268176427	-0.0218005846	-0.0259789211	0.0904827493	-0.06510175950000001	0.013331344399999999	0.0128853138	-0.0437473663	-0.0235410789	-0.040907372000000004	-0.0246851381	-0.0674973142	-0.0005078032	0.020507245	0.0133128674	0.0458073957	-0.06719262150000001	0.059901209800000015	0.0193794737	-0.0553514369	0.0117614265	-0.0276440779	0.0578829453	0.1205009715	-0.0720389122	0.0249310842	0.047613430199999994	-0.1098469559	-0.0747362319	0.11991830099999999	-0.0256733539	0.0782947475	0.026537437599999998	-0.0341368353	-0.0338085714	0.0638141098	0.0479021833	0.04376188190000002	0.0062272337	-0.0472576538	0.1332120443	-0.1148901007	0.125545433	0.0348015902	0.08707055970000001	-0.0747109291	-0.0807841575	0.055236028099999994	0.014666222	0.021607168399999998	-0.0918073306	-0.029231666	-0.1243864375	0.0372580076	0.0186261896	0.06613983150000001	-0.0706024518	-0.0145244028	-0.046465116900000006	0.0271135855	0.1537211467	-0.0097670476	0.057606311500000014	0.0699832242	0.044699635700000004	0.022196980800000002	-0.0942662722	-0.0782419675	0.0289458483	0.0696739508	-0.022950235	-0.0501623678	-0.0122163048	-0.047708952199999995	0.0286151365	0.0545365387	0.028739779500000007	-0.0787958119	-0.0759169001	0.0333423712	0.09587985289999999	-0.00964072	-6.370999999999981e-05	4.058964099999976e-09	9.29434821184e-05	-0.055965699999999986	-0.026291099999999998	0.0031321595764899988	0.0006912219392099997	0.0997115	0.016092999999999996	0.00994238323225	0.0002589846489999999	-0.00272162	0.0004267099999999999	1.820814240999999e-07	7.4072154244e-06	0.000507114	6.103300000000005e-05	3.725027089000006e-09	2.5716460899600004e-07	0.0012374	0.00012026000000000007	1.5311587600000004e-06	1.4462467600000014e-08	0.0	0.0	0.0	0.0	0.0	0.0	0.0	0.0	0.0	0.0	0.0	0.0	0.0	0.0	0.0	-0.9026699807	-0.6275719112	1.214532347	-0.6382131084	0.7443817307	0.006509871193	-0.8682957021	0.02809488113	2.04432037	0.120329292	0.0142640864	-1.381313612	1.269403354	1.286124468	-1.525007678	-0.9518996318	-1.053631247	-0.7663165814	0.641742841	-1.515160539	0.1829548733	-0.9493041025	-0.1620473397	-0.8184558435	0.4858043143	-1.084591799	0.7986772992	-1.727494208	-1.835705996
907.6074397184192	-1.7151680947471275	823751.2646322239	2.9418015932384916	669.4002469570107	-1.090825041648145	448096.69062610687	1.1898992714866774	650.8150507998843	-1.596939235694549	423560.230347656	2.5502149225006905	1.23806	20.601665	0.05886997999999999	-0.008204269699999999	0.0654970624	-0.038480341200000004	-0.0840803846	-0.0166806445	0.083118673	-0.06518970389999999	0.0004920963	0.0756562336	-0.055291023099999996	-0.048451836	0.0492584407	-0.0509289718	0.0562765574	-0.051034189199999996	-0.0205307344	0.0227092336	0.019109865	0.0619851927	-0.0032617921000000004	0.009768143299999999	0.0306677494	0.0054875553	0.0696466452	0.0120917563	0.060927683600000004	0.07414580679999999	0.1141350074	-0.019248096699999998	-0.024456275899999998	0.044269137400000005	-0.0100711728	-0.05724558320000001	-0.0682708605	0.025827448500000003	-0.0814933922	-0.0397061306	-0.11148162449999999	-0.101457844	0.062323021900000004	-0.025081992200000004	-0.0511611626	0.023588075299999997	-0.056238129500000004	0.026601304300000003	0.11508410710000001	-0.0033075947	0.10691727470000001	-0.0088568863	0.0052570470999999995	-0.1158244117	0.0202509229	-0.0038094115999999997	0.0696222	0.027456172	0.0303344779	-0.1033088054	-0.0727056066	0.13445548289999998	-0.0385886836	0.0614884066	0.019338148899999998	0.0695249172	-0.0665745147	0.0074268168	0.0477144417	0.0802318502	0.0689471834	0.08493733269999999	-0.021413753100000002	0.021038729300000003	-0.0163895306	0.0319104333	0.0276915905	-0.0240859921	0.0826026737	-0.0207647168	-0.0072658812	0.068261977	-0.018107741899999998	-0.0312537154	-0.031056615699999998	-0.10796915480000001	0.0469554458	-0.0411514049	0.0802435918	0.0771607389	-0.034581531	-0.0580926312	-0.016778285	0.048521878899999996	0.00789416	-0.0391016395	-0.0136750325	-0.09854042	-0.0290889282	-0.0144830461	0.0727161053	0.028076914100000003	0.0625979714	0.0185475949	0.029315404700000002	-0.126556949	0.0032443748	-0.052465155599999994	-0.0439343568	-0.0517148031	-0.0778782001	0.0273815364	0.0366131249	0.0362139788	0.0296405288	0.036752467999999996	-0.09170270380000001	0.072946667	0.0045962695	-0.0722933404	-0.0763672361	0.0824692697	0.0098614747	0.0032598424	-0.0162205986	-0.0307550298	-0.009483319799999999	0.0161064801	0.003655802	0.0059751935999999995	-0.013126706	-0.0378704659	0.0334111571	0.0885114425	-0.1398200857	-0.0089629011	-0.0105846877	0.11322527439999999	-0.0098513089	-0.0603961712	0.1368614263	-0.0443479446	0.0405947401	-0.11342418619999999	0.0638664825	0.0205157246	0.0102526779	-0.1604760744	0.0109831802	0.0376093428	0.039037603399999996	0.009591437900000001	-0.0346731622	0.10231529310000001	-0.0426789775	-0.034480616299999996	0.0033670564000000004	0.027410681200000002	-0.080350543	-0.07329386110000001	0.0384969937	0.0952770913	-0.0128665	-0.0032257799999999997	1.0405656608399997e-05	0.00016554682225	-0.0517454	0.004220299999999989	0.002677586421160001	1.781093208999991e-05	0.07438	-0.025331499999999996	0.005532384400000001	0.0006416848922499997	-0.0027902	-6.857999999999951e-05	4.703216399999933e-09	7.785216039999998e-06	0.00017323599999999998	-0.000333878	1.1147451888400002e-07	3.0010711695999985e-08	0.00111801	-0.00011939000000000005	1.2499463601e-06	1.4253972100000009e-08	0.0	0.0	0.0	0.0	0.0	0.0	0.0	0.0	0.0	0.0	0.0	0.0	0.0	0.0	0.0	-0.6659076448	-0.5004913548	1.441769229	0.200817314	0.04701226454	-0.9875548116	-0.7976628456	-0.1310676814	-0.8105441046	-0.01763786464	0.2580745952	0.1633451034	-0.435052118	0.07275536285	-0.8114410606	-1.328237861	-0.2192839993	-0.4595312868	0.5200926936	-1.350545625	0.1284380796	-1.821751224	-1.518720872	-1.490325263	0.3449254685	-0.5099813136	0.5566751537	-0.4855617975	0.6994235803
910.6282127836772	3.0207730652580267	829243.7419175941	9.125069911788373	671.184255870469	1.7840089134582513	450488.3053283952	3.1826878032984904	652.4413629622708	1.6263121623865118	425679.73210406565	2.644891249526292	1.150275	19.140913	0.057703	-0.0032549624	-0.0477112171	0.1059110506	0.0007849760000000001	-0.062447353	-0.04537543769999999	0.0340189364	0.0041555343	0.0739995641	0.12585059199999998	-0.0649247443	-0.0291039724	0.0406731798	0.010885001299999999	-0.0912138775	0.0965010926	-0.0080752453	0.1252517532	0.052642777	-0.024165963500000002	-0.0595116407	0.014009948799999998	-0.0469804285	-0.0314865731	-0.0547242191	0.0082214605	0.0720123879	0.0399063918	0.090089293	-0.0562470028	0.007212110600000002	0.0573980529	-0.0392634529	-0.0995137197	0.0802854029	-0.0729636122	0.0315971726	-0.0124982549	-0.0390757857	-0.0488257431	0.048170901399999994	-0.0789311237	0.0043128526	0.0193565979	0.032759776000000004	0.0064719795999999994	0.0545578854	0.049083467400000004	-0.044197579400000006	0.057084873	-0.0255610984	-0.0440609153	-0.0242256071	0.0308555052	0.007375418199999998	0.073342252	-0.0705390002	-0.013289375700000002	0.0642252796	-0.0404363737	-0.026170179100000003	0.0115045682	0.0844911174	-0.0372432452	0.1120883005	0.0799486746	0.0848875303	-0.1296911144	-0.0055795733	0.041003618799999995	0.0085996557	0.0325186498	-0.0856534272	0.0267851385	0.0870764732	-0.0741290904	-0.061403396	-0.1159836219	-0.0814792417	0.028018994199999998	-0.1436045194	0.058029273	0.046963614199999996	-0.0071112135	-0.0281377296	0.0268363289	-0.0700340894	-0.0077082231999999985	-0.024068077200000003	0.0670140288	0.08873528	0.0227513786	-0.061368015199999994	0.1050620713	-0.1224629507	0.010758005	-0.029727641200000002	-0.006049634200000001	0.0538837601	-0.0415256957	-0.024879998900000002	0.0497338688	-0.0677869259	-0.0636027652	-0.1056297586	0.0114656432	0.0015864713	-0.0236198152	-0.1422046096	-0.021209276699999998	-0.006042228	0.0048737246000000005	-0.0308080573	-0.055251525700000005	0.11241380039999999	0.007633035799999998	-0.0659572634	-0.0208554376	-0.0222298343	0.06947643889999999	0.0303398297	0.0063810311	-0.004842337	-0.0398252358	-0.015633692299999998	0.0031033482	0.006533063100000001	-0.0766089593	0.0289509271	-0.024975969700000003	0.0185337413	-0.059496485599999996	-0.1133629353	-0.009262568399999999	0.0488583911	0.0094622517	-0.0855728066	0.0353106273	-0.0787653968	0.0703749912	0.0111024379	0.0403487415	-0.0556991212	0.0435039301	-0.1358205082	-0.0432301729	0.0193404281	0.0233831146	-0.17496950120000002	-0.0428822603	0.0958218228	-0.0117366344	0.0125326384	0.039769257	0.026075837799999998	-0.0818379147	-0.0705325857	0.043522552	0.0941753084	-0.00955455	0.0033119499999999997	1.0969012802499998e-05	9.12894257025e-05	-0.0394083	0.012337100000000005	0.0015530141088900002	0.0001522040364100001	0.095302	0.020922	0.009082471204	0.0004377300839999998	-0.0031013	-0.00031110000000000035	9.678321000000023e-08	9.61806169e-06	0.000180145	6.90900000000001e-06	4.773428100000016e-11	3.2452221025e-08	0.00101338	-0.00010463000000000009	1.0269390243999998e-06	1.0947436900000019e-08	0.0	0.0	0.0	0.0	0.0	0.0	0.0	0.0	0.0	0.0	0.0	0.0	0.0	0.0	0.0	-0.7289003286	-0.7244671651	1.28016226	0.1117825032	0.2052672015	-1.675463472	-1.642710906	-0.2638617233	-1.092404485	-0.3293577489	-0.9728865291	0.1092340345	-0.3740600682	-1.444861828	0.2938886627	0.5112523268	-1.187043197	0.04493659484	-1.095194496	-0.02094144371	0.005349715855	0.2819997445	-0.5681670481	0.706617356	0.3231634888	-1.898587652	-0.8526000724	-1.359518125	0.3169230787
910.634415182587	0.006202398909749718	829255.038114932	3.846975223566449e-05	671.4952410259338	0.3109851554647776	450905.85872047686	0.09671176691945188	654.9669798214521	2.525616859181355	428981.7446564345	6.378740519381092	1.207157	20.087442000000006	0.06295080000000003	0.0395367456	0.087278317	0.024388845099999997	0.139545424	0.041557239100000004	0.0518774186	0.0240694106	0.07703336870000001	-0.0736961369	0.0259662798	-0.0758117625	-0.0414113812	0.127574305	-0.1157828914	-0.11477197230000001	0.042304084900000004	-0.0441196304	0.08289081570000001	-0.0850578772	0.0549628371	0.0378028157	0.10223413890000001	-0.015481058899999999	-0.0403190548	0.1128199472	-0.009430916	0.0724938496	0.1280348849	-0.0185205011	0.1555008462	0.0202515986	-0.0307101746	0.0744555325	-0.050712211900000005	0.080230145	-0.0059747966	0.073337378	-0.006541905400000001	-0.012793311699999999	0.0130131274	-0.0312604658	0.0525394878	0.017652023899999997	0.0286115441	-0.0640417507	0.0788753301	-0.0135584633	-0.017776951699999998	-0.0835955268	0.0219175803	0.0933708543	-0.026131222599999997	0.0447263873	0.035966932400000005	0.023382092900000002	-0.05879483570000001	0.030733317799999996	-0.0389353651	-0.043208446500000004	-0.0295705464	-0.0374109885	-2.6847e-05	0.08783590849999999	-0.0080259536	0.0219299194	0.023992655699999997	0.0067791815	0.0817994187	0.0986435267	-0.0271581305	0.1575143499	-0.0051732374	0.025699725	0.05192307	-0.07878205349999999	-0.036401872	0.0419482279	-0.1129423158	-0.1613915048	0.1018896407	-0.0200505308	0.10220237380000001	-0.027707332999999997	-0.016045173	0.10132172	-0.0941912519	0.0014495399	0.0100074461	0.07214391120000001	-0.0638062611	0.1085878312	0.0682333869	0.0735503927	0.13498468660000001	-0.0761487611	0.022373442200000003	0.0391345792	-0.002246735	0.0833787732	0.1529952848	-0.04675168019999999	-0.0340031431	-0.0190515246	0.1162471305	-0.048603064	-0.0139525455	0.0328611081	0.1113537508	0.0051582707	0.0646404593	-0.0084088469	0.0044239299	-0.0758901999	-0.0423129033	0.049648149800000006	-0.0849374609	0.1006298491	-0.0654156187	-0.0779372848	0.0007629002	-0.030179265	0.0642896265	-0.0820017712	0.0005205998	0.006536428299999999	0.0242790852	0.0181859675	-0.0205254047	0.0382167259	-0.0138326773	0.0065430574	0.0232742292	-0.0280748967	0.0601534575	-0.0133158922	0.0311050326	0.0157344996	-0.0210151473	0.0647255966	-0.0107644531	-0.0752725249	-0.0382638705	0.022066437400000003	0.0520893428	-0.030876871400000002	0.0502657324	0.12764127109999998	0.0105809735	0.13082798240000001	0.0323108291	-0.0043178207	-0.010395912	0.159964048	0.0555474308	0.0247355292	-0.08325668	-0.06763828200000001	0.0484021975	0.0925802748	-0.0096089	-5.434999999999989e-05	2.953922499999988e-09	9.233095921e-05	-0.07264069999999999	-0.03323239999999999	0.005276671296489999	0.0011043924097599992	0.0927939	-0.002508099999999999	0.00861070787721	6.2905656099999965e-06	-0.0031013	0.0	0.0	9.61806169e-06	0.000594984	0.000414839	1.7209139592100005e-07	3.5400596025599997e-07	0.00114166	0.00012828000000000017	1.3033875556000002e-06	1.6455758400000037e-08	0.0	0.0	0.0	0.0	0.0	0.0	0.0	0.0	0.0	0.0	0.0	0.0	0.0	0.0	0.0	-0.8898835633	-0.4453770121	1.073388827	-0.4163555405	0.9670870017	-0.001930891774	-0.3531969022	-0.1841338832	1.503461552	0.270485101	-0.6733735659	-1.414535434	0.7215039354	-0.8596874444	-1.104350817	-0.7993518684	-0.54143972	-0.7567468743	0.6182814944	-1.220769023	-0.2704643416	-1.184050129	-0.457796924	-0.2095768251	1.021279912	-0.7343466916	0.5832469601	-2.060509446	-1.513550882
910.3443360071598	-0.29007917542719497	828726.8101003168	0.08414592801652135	671.3117384233534	-0.18350260258034726	450659.45014498493	0.033673205153760856	654.6141480126396	-0.35283180881253884	428519.682778314	0.12449028530992795	1.103012	18.354429	0.0899567	-0.08643198939999999	0.0045889787	-0.0192354439	0.0898093475	0.0092919215	0.0213360694	0.017421448500000002	0.0325874192	0.0293468944	-0.021932983399999998	-0.008531852900000001	-0.1484336788	-0.0540257815	-0.0738109147	-0.0195430638	-0.0509414318	0.07288928110000001	-0.023409986600000002	-0.050748040300000005	0.11527084619999999	0.020448081899999998	0.0281444982	-0.09125401699999999	0.0698675589	-0.0394929011	-0.1085056068	-0.0049301559	0.1589718664	-0.0132703098	0.1224793725	0.0107292279	0.0203683729	-0.1016443257	-0.0751862063	-0.033776173799999996	0.0632655456	0.0308872753	-0.016817136899999998	0.0646107985	-0.0416337007	0.0022370833	-0.0668140927	0.11988284619999999	0.0880350743	0.038033039399999996	0.0874777415	0.0230678678	-0.010785726399999999	-0.047532129699999995	0.09424280789999999	0.0018262888	-0.076123183	0.1128482374	-0.0729637541	-0.009364265699999999	-0.0683577712	-0.1187430186	-0.0883224548	-0.0849116966	-0.0410700018	-0.0393909665	0.0075505943	-0.0883722518	-0.008192469499999999	-0.0308855711	-0.0048266438	0.046505799400000006	0.0999400664	-0.09711146179999999	0.0204737976	0.0827215069	0.06686049849999999	-0.0046511148	0.0596927633	0.0326257698	-0.0053705014	-0.0111105847	0.020088726	-0.1118416008	0.0647035039	0.0354979469	-0.035846349300000004	-0.0134403057	-0.0085649413	0.0177047246	0.033859556	0.088522134	0.1239392438	0.02774814	-0.035019469500000004	0.0328398184	-0.035755766200000004	0.029170554700000007	-0.0095672566	0.0657594072	-0.0802083091	0.1004062169	0.0969958771	-0.0047073184	0.0352877833	-0.0701648772	-0.0073644808	0.0166880349	0.174355383	-0.021401451000000002	0.0857326318	0.0776691929	-0.0096896337	-0.0368450401	-0.1034719573	0.056779705199999995	-0.1237305633	-0.08587233970000001	-0.046030333300000004	0.0625860416	-0.0748845417	-0.041992400199999995	-0.039308468199999995	0.0263759245	-0.0218045617	-0.1140220975	0.042631203799999996	0.0193874317	-0.0653567209	0.014204211599999999	0.0338748552	0.0800427792	0.0426406894	-0.0744092749	-0.104803475	0.048752408399999995	-0.0409513319	0.0911953715	0.000767824	0.1085973411	-0.0565849039	0.0285155797	-0.0922438839	0.0867312752	-0.0763010353	0.047129087199999996	-0.0268036791	-0.0239533073	-0.007931065	0.015318979199999999	0.0033530133000000003	0.1548595377	0.1656894347	-0.0176280067	0.10633005710000001	0.0447165371	0.0658804774	0.0413582644	-0.050842127300000005	0.023390036200000002	-0.08460564949999999	-0.0646164087	0.053119570899999996	0.09050034470000001	-0.0095252	8.369999999999905e-05	7.0056899999998425e-09	9.072943504e-05	-0.0635466	0.009094099999999994	0.00403817037156	8.270265480999989e-05	0.0591044	-0.0336895	0.00349333009936	0.00113498241025	-0.0025888	0.0005124999999999999	2.6265624999999995e-07	6.701885440000001e-06	0.000256386	-0.000338598	1.14648605604e-07	6.573378099599999e-08	0.00105097	-9.069000000000004e-05	1.1045379409e-06	8.224676100000007e-09	0.0	0.0	0.0	0.0	0.0	0.0	0.0	0.0	0.0	0.0	0.0	0.0	0.0	0.0	0.0	-0.7947179691	-0.3154065303	1.255267609	0.1146811186	1.287069431	-0.08105631881	1.499305995	-0.1733838413	-0.7363843678	-0.05689869403	0.1054236148	-0.6061337192	-0.08689147132	-1.869435498	0.1972050141	-0.2006584154	0.2224410523	-0.409686521	-0.975852283	-0.4819423716	0.08391700935	-1.112057797	-1.785448272	-1.508633756	0.7005130973	1.334361789	0.2976448552	-0.2487160592	0.003088206185
911.3105059203526	0.9661699131928572	830486.8382008091	0.9334843011590932	672.0061910978948	0.6944526745413668	451592.32087390026	0.4822645171776576	653.7128884721593	-0.9012595404802825	427340.5405546138	0.8122687593067297	1.1089000000000002	18.452421	0.05346329500000002	-0.0115658631	-0.10243420619999999	-0.0060229078	-0.026642177200000002	-0.13501184689999998	-0.10234528779999999	0.026167771	-0.0500914957	-0.016913554299999998	-0.014109868000000001	0.0280512887	-0.1003971433	-0.0265516019	0.009944606600000001	0.0900119742	-0.0030475832	-0.0565363529	-0.0033794938	-0.07543785809999999	0.0868799869	-0.058513905899999996	0.0228383982	-0.0196875374	-0.0897408634	0.0036600879999999997	-0.0902435883	0.1341715947	0.05093601230000002	0.0901126748	-0.0632671859	0.11882324130000001	0.0420734566	-0.010572923400000002	-0.041938876800000004	-0.0531442152	0.0559999625	-0.06871229940000001	0.0381118987	0.0715674142	0.009347119499999999	-0.06291508559999999	-0.0349765476	0.0077786011	0.0027169785	0.0134187031	-0.0608682904	0.0056552414	0.0176911802	-0.1453563402	-0.048515122300000005	-0.0647151024	-0.0907286985	0.1169513684	0.0177051986	0.0083623386	0.0864591761	0.052996992300000004	-0.0210891773	-0.0052305707	-0.0810970426	-0.0714057116	-0.0175536471	-0.0051418908	-0.04244383400000002	0.0397106802	-0.0455011792	-0.0646285194	0.046053434000000004	0.0632616226	0.0001065548	-0.0075808334	0.0794026009	-0.0643553747	-0.0599750564	0.0679733431	-0.0317179794	0.0098673737	0.0872799017	-0.0106252771	0.0206146569	-0.0514608862	0.0750343141	0.106718285	-0.0194797453	-0.0287188938	-0.0130207532	0.0233559087	0.0686169906	-0.0150227085	0.0819387208	-0.0723815153	-0.06690885	0.0893500124	0.0021215476000000003	0.0806749672	0.0018017499	0.0185481174	-0.043963792599999996	0.0567252212	-0.0104635223	-0.0424023428	-0.0001583588	-0.10553608689999999	-0.0187892598	-0.0802419932	0.0546995806	0.1357128738	0.0036061809000000004	0.0163743332	-0.0334819236	0.1143968816	0.011744263100000001	-0.0354076761	0.12435349400000001	0.0584388387	0.023682894399999998	-0.0475325672	-0.0518775893	-0.051068027099999996	-0.0365521803	-0.0067316724	-0.051744168	-0.0413128283	-0.17060073550000002	0.0017811379	0.008269504	-0.0007403975	-0.0508596225	0.0808470134	0.0618195193	0.0357380992	-0.0003142965	-0.019022868300000002	0.0727746354	0.0958529557	0.09626010060000001	0.0447513525	-0.0642416679	-0.0071836742	-0.0147261908	0.0205360094	0.1534336698	-0.0374768801	-0.0594904044	0.0568087589	0.17687045969999998	-0.031002852999999997	-0.05773926190000001	-0.0253855546	-0.0738706615	-0.0157438547	0.0503164267	0.13729854589999999	-0.0358803123	0.022039640899999997	-0.0858836924	-0.0614726652	0.0576588568	0.0879464117	-0.00952534	-1.3999999999916857e-07	1.95999999997672e-14	9.07321021156e-05	-0.0394423	0.024104299999999995	0.00155569502929	0.0005810172784899997	0.0462088	-0.012895600000000002	0.0021352531974400003	0.00016629649936	-0.00251311	7.569000000000022e-05	5.7289761000000325e-09	6.315721872099998e-06	4.72509e-05	-0.00020913509999999998	4.373749005201e-08	2.23264755081e-09	0.00100653	-4.443999999999997e-05	1.0131026409000002e-06	1.9749135999999976e-09	0.0	0.0	0.0	0.0	0.0	0.0	0.0	0.0	0.0	0.0	0.0	0.0	0.0	0.0	0.0	-0.5745809594	-0.2168367446	1.161712501	0.161697661	0.9288952334	-1.079695463	1.535979839	-0.2296370408	-1.455791654	-0.7466610382	-0.5738262291	0.008632621139	-0.620189216	0.3167097518	0.827631078	0.7742963648	-1.479626322	0.5507056152	-1.178281458	0.6785079227	-0.3894487884	0.7975438265	-0.5027244768	-0.8272978833	-0.4680441396	-0.7541310706	-0.6976400024	-0.2735301271	-0.1276238519
909.0022188015577	-2.308287118794965	826285.0337861548	5.328189422794762	671.3527496609962	-0.6534414368985608	450714.51447738026	0.4269857114560559	653.5379072209737	-0.17498125118561347	427111.7961747701	0.030618438266482764	1.286774	21.412289	0.026052355	0.0832809869	0.0254417927	-0.0345515527	-0.0072094907	0.0195633248	-0.0009878733000000001	-0.0115809659	0.0058346228000000005	-0.1340453455	-0.0454971225	0.031130846400000002	0.063129709	0.0277630886	0.0034853996999999995	0.0984013693	-0.0444481213	0.0209323932	8.82075e-05	0.08949770609999999	0.0478130413	0.034057601	-0.0291729885	-0.08092810240000001	-0.1434478677	0.0586250745	-0.0248832798	-0.033237923100000004	0.0171650574	0.130929775	-0.09806815140000001	0.1755761146	-0.0509825638	-0.0657540126	0.045627854800000006	-0.0689181842	-0.014720923700000001	0.0721210875	0.0056036701	0.0244887352	0.1181658684	0.035132386	-0.0192158952	0.058032120599999994	0.0519382779	-0.08437794470000001	0.0074822525	0.0606182855	-0.0473444312	-0.007993271	0.010811331	0.1197298175	0.027838601600000002	0.0293135965	-0.0668029437	0.1389212689	-0.0303857055	-0.0175591234	0.0180085761	-0.0490285316	-0.0344915192	0.047941834100000004	0.0021206097	-0.006809397900000001	0.029976487000000007	0.0261979689	0.0108724726	-0.054887415	6.17213e-05	-0.10105818859999999	0.1203916877	-0.07224250269999999	-0.0006819914	0.05183651190000002	-0.063305884	-0.0785666844	-0.0018164979000000001	0.0732942576	0.0708252786	0.034033126000000004	0.0147961185	-0.0041706913	0.0733855591	0.0091327558	-0.0054172689	0.060972923	-0.10124898550000001	0.0007683649000000001	-0.0515019455	0.0284065011	-0.043532119400000006	-0.1420204498	-0.0828437614	-0.0810470497	-0.049768964900000004	-0.0033942738	-0.052888241399999994	0.021678644700000003	-0.034133952	0.0562778892	-0.0576755391	-0.015170921499999997	-0.09018761800000001	0.006349237099999999	-0.0691981504	-0.1960958431	0.0361855777	-0.0039273623999999995	-0.050226240400000004	0.0692688383	-0.0113742971	0.0214898844	-0.10150784539999999	0.034310068799999996	0.008566143299999999	-0.0765121312	0.1535333569	0.0592868542	-0.0483055592	-0.1130517351	0.05255504440000002	0.0707353288	0.1085211869	0.0161559297	-0.024380570299999998	-0.0161899028	-0.0101740836	0.010085943	0.0497368324	0.06108120230000001	-0.0581012697	-0.075137856	-0.1435906965	0.0647250944	0.061446715599999986	-0.042176236500000006	0.0537318459	0.059771167800000004	-0.050066499	0.0900898257	0.0399192459	0.0688614449	0.018982668799999998	-0.036163885800000004	0.0540251444	-0.0549356397	-0.0203754074	-0.0492064584	-0.030905707799999998	-0.0227346718	0.024143335	-0.11009299	-0.0339663875	-0.0335204051	-0.016615707	0.020684626299999998	-0.08708973730000001	-0.058212980899999996	0.0620048368	0.0849318525	-0.00611198	0.00341336	1.16510264896e-05	3.735629952040001e-05	-0.0413934	-0.001951100000000004	0.0017134135635600005	3.806791210000016e-06	0.0383199	-0.007888899999999997	0.0014684147360100007	6.223474320999996e-05	-0.00251311	0.0	0.0	6.315721872099998e-06	-0.000159357	-0.00020660790000000002	4.268682434241e-08	2.5394653449e-08	0.000957158	-4.9372e-05	9.16151436964e-07	2.437594384e-09	0.0	0.0	0.0	0.0	0.0	0.0	0.0	0.0	0.0	0.0	0.0	0.0	0.0	0.0	0.0	-0.6756682747	-0.03330448458	0.8465049919	-0.3814410568	1.139915957	0.1542504934	0.3056148916	-0.2202908744	1.440204875	-0.1505501988	-0.1186922937	-1.222431745	1.71361318	1.817037049	-0.1689269538	0.4031525259	-2.192601884	-0.2487561892	0.9610900688	-0.657342205	-0.116047213	-1.032126964	0.6231992626	-1.852922731	0.3257080663	-0.4787643183	-0.2451898389	-1.603703347	-0.111191262
907.1210780227764	-1.8811407787812868	822868.6501932039	3.5386906295938663	669.7080038928685	-1.6447457681276774	448508.8104781704	2.7051886417739035	653.0538117047271	-0.4840955162466116	426479.2809820731	0.2343484688500734	1.346556	22.407084	0.10313012	-0.0693113208	0.0960169431	-0.0157115486	-0.0454100862	-0.0052875707999999995	0.1099108061	-0.0090435911	0.043805516399999994	0.0750393702	-0.07564792	0.0168753904	0.0165716128	-0.0167855816	0.0376795615	-0.0014618455	-0.050521740499999995	0.079646118	-0.019227336	0.011049769899999999	-0.0163989483	-0.0668547838	0.0680817134	-0.0956202561	-0.05070856730000002	0.0409772052	0.0061870068	0.0181654788	-0.0478420579	0.0023551577	-0.0315617958	0.043817527099999996	-0.0922340046	0.08705951349999999	-0.08257834929999999	-0.0308144546	-0.0980657066	-0.08165045	0.0480166624	0.010933580900000002	0.07866112	0.0085149525	-0.0136249798	-0.0986914959	0.0136630752	-0.048534207999999995	-0.0360299413	0.17358396010000002	-0.0195909212	-0.018056699	0.0801340717	0.0516576925	-0.0201014019	0.115832379	-0.0147563359	-0.0079346611	-0.0972532846	-0.014369116699999997	-0.011631949499999999	0.0270762638	0.0002403698	-0.1339872514	0.0964470284	-0.0083185919	0.06697714469999999	-0.1228349258	0.0172355277	-0.055413485	0.0510220401	-0.0253873208	0.027286147099999998	-0.0224033616	-0.142307607	0.1526997253	0.1011169824	-0.0359419582	0.0708743273	-0.017121011999999998	0.0106716626	0.0168620998	-0.039415052400000004	0.018816206000000002	-0.0888202786	-0.1142529787	0.0065384182	0.0093938294	0.0953513418	0.0536113588	-0.0612309673	-0.024203837000000002	-0.066837461	0.0034010254	-0.0633200177	0.011669794399999999	0.0129294202	0.0569188541	-0.0503026159	-0.0690777046	0.08926581900000001	0.0561460488	0.0156058594	-0.0664428437	-0.0031639156	0.0813923661	-0.0868731928	-0.0383694214	-0.08335380099999999	-0.0586407842	0.0348686823	-0.0337066704	0.0739964505	0.042823561600000004	0.1414679043	-0.028542711000000002	0.057527157599999997	-0.021755315600000002	0.1227787983	0.0107547564	-0.0199887449	0.0088587575	0.0017260143	-0.026750286600000003	0.09406218390000001	0.022956324	-0.0446277245	0.0592127915	0.0190657929	0.0014309654	0.0344142181	0.0810279455	-0.0438663392	-0.1359139074	0.0158876602	-0.0656149976	0.0012000943	0.2101530929	-0.06773209849999999	0.0995876742	-0.1304197963	0.1270256641	-0.07717187730000001	-0.0730988167	-0.0607520462	0.0317572935	-0.0273400488	0.0074925294	0.045988290599999995	-0.0572349016	0.006491255	0.0287879308	-0.0027180040999999996	-0.10235172320000001	0.0079471613	-0.0398026823	-0.06493238009999999	0.0193252763	-0.0882227731	-0.054843503700000004	0.0661429408	0.0814724559	-0.00962525	-0.00351327	1.2343066092899998e-05	9.26454375625e-05	-0.0573456	-0.015952200000000003	0.0032885178393600003	0.00025447268484	0.061908800000000014	0.023588900000000003	0.0038326995174400007	0.0005564362032100001	-0.00224649	0.00026662	7.108622439999998e-08	5.0467173201e-06	0.000547016	0.0007063729999999999	4.98962815129e-07	2.9922650425599997e-07	0.00118568	0.0002285219999999999	1.4058370623999998e-06	5.222230448399995e-08	0.0	0.0	0.0	0.0	0.0	0.0	0.0	0.0	0.0	0.0	0.0	0.0	0.0	0.0	0.0	-0.7505371324	-0.377253617	1.146858225	0.0729723285	1.157342446	0.4573379672	-0.1100349379	-0.09193637853	-1.324224581	-0.522268943	0.5918472916	0.05962889459	-0.6559518771	-0.8694298043	-0.7091715644	-1.749979471	0.07660184183	-0.3113807551	0.08759127553	-2.005314505	0.4805229764	-1.800933327	-0.895606294	-2.39969339	0.2475404087	0.3795645757	-0.0764461811	-1.04286124	0.6080645013
909.6934059442168	2.572327921440433	827542.0928183895	6.6168709354220585	670.1453955280156	0.43739163514703705	449094.85114740045	0.1913114424965988	653.8049988103865	0.7511871056593691	427460.97646944935	0.5642820677089001	1.166368	19.408699	0.09673988999999998	0.056149802400000004	-0.0881102381	0.0105776239	0.0234767413	-0.12352680560000001	-0.021900060899999997	-0.0728675654	-0.0628196296	0.015364735	0.036128739900000005	0.0095903969	-0.0836131617	0.019614241299999998	0.11247654779999999	-0.08166342759999999	-0.0182087945	-0.0358872208	0.0079693666	-0.0346253277	-0.0634018381	-0.0877847805	-0.1717195773	0.1056676244	-0.016960496000000002	-0.0369155922	0.097932542	0.0397560685	0.1086870956	0.0842502466	0.0236076219	0.015235935400000001	-0.09469964859999999	-0.044849298600000004	0.0856510377	-0.0191699714	-0.0026371678999999996	-0.0705622933	-0.045650116100000006	0.0305420674	0.11181132199999999	-0.0113813593	-0.0178701444	-0.0279582798	0.10442933509999999	-0.10754051210000001	-0.0211650944	0.07568952570000001	-0.087113016	0.049695858499999995	0.041716676200000004	-0.0621404987	0.0928148198	0.06437851110000001	-0.0537869992	0.0722259921	-0.005325924300000001	-0.0888776751	0.0751534039	0.026792541	0.0683221633	-0.023166541000000002	0.1439212627	0.0531807653	0.0740007127	0.1268300206	-0.1144994067	-0.0012824302	-0.05302694559999999	0.0409802613	-0.0037116071999999996	-0.0036127546999999995	0.0615152451	0.1184042151	-0.09195693220000001	0.0247506415	-0.0120717932	-0.060047705800000004	0.0386564821	-0.045907465	0.0210897917	-0.0815549004	-0.09108919039999999	-0.015897433	0.0514105403	-0.0728923684	-0.0368590757	0.0034665995	-0.0373580585	-0.12448922789999999	0.07810966150000001	0.12173316710000001	-0.0326964317	0.0149608095	0.0322853818	-0.0172111374	0.0668169829	-0.010618000700000001	-0.08941775939999999	-0.036197103599999995	-0.1497173276	0.0047426292	-0.0095122536	-0.1097008718	0.0866406867	0.0124216059	-0.0602923969	-0.0348099431	-0.0071694887	0.09815128099999999	0.102311111	0.0540927096	-0.0680311988	0.0455389582	0.0589920954	-0.07841333269999999	0.08433326390000001	-0.0047113033000000006	-0.0421161015	-0.052876019	-0.0050331482	0.0377055808	0.08480194949999999	0.0962075253	-0.028668177000000006	0.142908196	0.0023695936	-0.0206484733	-0.0017154817	-0.0230377608	-0.0878872913	-0.1037299217	-0.1338560203	0.0434270973	0.0235982325	0.031754671899999996	0.0023292917	-0.0566437516	0.0049465679	-0.0362904749	0.0667248358	0.047825839	-0.149132564	-0.1544081092	0.025188495499999998	0.0377482433	-0.0496917261	-0.0930841067	-0.0726411054	-0.1201813842	-0.0487559479	-0.0142038251	-0.0638372224	0.0694486121	-0.0214582186	0.017961876	-0.0892818499	-0.051370588499999995	0.0700592955	0.0775863408	-0.009563360000000005	6.188999999999499e-05	3.830372099999383e-09	9.145785448960009e-05	-0.0312329	0.026112700000000003	0.0009754940424099999	0.0006818731012900001	0.016996599999999997	-0.04491220000000001	0.00028888441155999983	0.002017105708840001	-0.00221098	3.5509999999999875e-05	1.2609600999999915e-09	4.8884325604e-06	0.000364119	-0.000182897	3.3451312609e-08	1.32582646161e-07	0.000891025	-0.00029465499999999984	7.939255506250002e-07	8.682156902499992e-08	0.0	0.0	0.0	0.0	0.0	0.0	0.0	0.0	0.0	0.0	0.0	0.0	0.0	0.0	0.0	-0.4424037325	-0.01663639684	1.772893313	0.01284886767	0.7583342913	-0.6635477338	0.1931133949	-0.1499024564	-0.4145100521	-0.8862843026	0.6612281621	-0.2885191223	-0.05446927955	0.1762727609	-0.186033147	-0.06337991807	0.3140169829	0.2764198349	-1.180843005	-0.1746377944	-1.389372929	-0.355043647	-1.67005987	0.2965995837	-0.08026318019	-0.6580650623	-1.466547932	0.5489918955	-0.07787615978
911.7917477112352	2.0983417670183826	831364.1911943088	4.4030381712138285	671.3207404984264	1.1753449704108334	450671.53662335564	1.3814357994700428	654.2158870347273	0.4108882243408516	427998.4268486351	0.168829132901978	1.19214	19.837543	0.10565904999999996	-0.0505371746	0.0779246828	-0.0709465146	0.1028645551	-0.0397267715	0.0248198473	0.054462354299999995	0.0797654556	-0.0315950298	-0.044556734699999996	-0.0129709704	0.0046185876	0.0754474648	-0.0347403624	-0.0436293316	0.0206243448	0.0266014758	-0.029000887000000006	0.0774617999	0.082522497	0.0249290881	-0.1512489118	0.073111841	0.0856808458	-0.029492473999999998	0.004979684	-0.0271333513	0.0177162212	-0.1403828976	-0.0084356091	0.0607545001	-0.056852577	0.0005867728	0.0418534411	0.0012496162	-0.0142674887	-0.0418348227	-0.0075213924	-0.08467263380000001	0.029903228900000002	0.046434145700000005	0.0186312748	-0.0288130704	0.0088877056	-0.0035244946999999998	-0.09189041419999999	-0.067471475	0.0075638838	-0.0923422979	0.08273492910000001	-0.0055829446	0.1088526635	-0.1392343495	0.0756260252	-0.08675696320000001	0.0437578953	-0.0383502553	0.024898891800000003	0.043160823	0.08789840380000001	0.0102866957	-0.101796527	0.0399330618	0.0754392099	0.021462652599999996	0.010750718400000001	0.0473607929	0.066033139	0.0985826498	0.053990881100000006	0.0069256759	-0.0287905179	-0.0667899557	0.0779210263	-0.0264293929	0.0206392568	0.11342554560000001	0.0250347402	-0.0608476124	0.0650514931	-0.0355728494	-0.029669590099999997	-0.0067418914	-0.036405280899999996	0.0833231022	-0.0034860368	0.028590911	-0.0450043332	0.0822719618	-0.027786439500000003	0.0771012111	0.0300190958	0.003137594	-0.0100741076	-0.0442433175	-0.0897133038	0.1464857246	-0.022382065	-0.0594805384	-0.0069770922999999995	-0.0171155472	0.029160353700000002	0.0594157062	-0.0313238404	0.044350888	-0.0464832862	-0.0919443392	-0.0767705635	0.0778632204	0.082117158	-0.005271634599999999	0.0028785289000000003	-0.056540008499999996	-0.0019119479	-0.0061466848	0.0505297403	0.0010952133	-0.0542792379	-0.0456630011	-0.0407934518	0.0172349057	-0.0866755627	0.0345681211	-0.049513744299999995	-0.0968264691	-0.0282628481	-0.0853356044	-0.176435151	-0.08370313730000001	-0.0786788542	0.117415949	-0.006128847	-0.003832662	-0.052876626100000004	-0.09497380230000001	-0.0313156058	-0.048387420199999996	-0.0022505865	-0.0388474553	0.1925678725	-0.09440555880000001	0.0608802475	0.0108912996	-0.0324181096	-0.0573971212	-0.0209331552	-0.030827732400000002	0.0108178624	0.0414711476	-0.0564552112	0.12908839800000002	0.012983346000000002	0.0459864424	-0.0073553667	0.016594711	-0.09026608	-0.04780078559999999	0.0737407709	0.07329386110000001	-0.00955071	1.2650000000004671e-05	1.6002250000011819e-10	9.12160615041e-05	-0.0413145	-0.010081599999999996	0.0017068879102499998	0.00010163865855999991	0.0467536	0.029757	0.00218589911296	0.0008854790490000002	-0.00292329	-0.0007123099999999999	5.073855360999998e-07	8.545624424099999e-06	0.00071545	0.000351331	1.2343347156099998e-07	5.118687024999999e-07	0.00114354	0.0002525149999999999	1.3076837316e-06	6.376382522499997e-08	0.0	0.0	0.0	0.0	0.0	0.0	0.0	0.0	0.0	0.0	0.0	0.0	0.0	0.0	0.0	-0.6449293339	-0.1200468971	0.8106377359	0.1835156347	1.21839587	-0.4729468278	-0.1060570487	-0.3695821514	0.5489153885	-0.4055743856	-0.9716922218	-0.5136521493	-1.086632984	0.5679593166	-0.06056163095	-1.67894204	-1.624830498	-0.6838034637	1.906596205	-0.4063749256	0.2920564777	-1.003147732	0.2275187029	-0.3892440885	0.8447278246	1.816144722	-0.8510106945	-0.8418849271	-0.6701168806
910.2928736501677	-1.4988740610674542	828633.1158182803	2.2466234509408416	670.5958365583398	-0.7249039400866195	449698.77600937954	0.5254857223531052	654.1320901683703	-0.08379686635703365	427888.79138804093	0.0070219148112585575	1.125627	18.730749	0.05894019	-0.0067902793	-0.050013233899999995	0.06511653769999999	0.0828118983	0.0518149926	0.0439005155	-0.0215767817	0.0181862328	-0.007671153000000002	0.08904611470000001	0.0741655355	-0.0895939326	0.0108372975	-0.0286296669	0.0655560118	-0.057937929900000004	-0.026363252900000002	0.099272195	0.05523123480000002	-0.039319809500000004	-0.099693188	0.0797889465	0.1166644842	0.1025527629	0.0012789611	-0.0044759846999999995	-0.051518912	0.023949479500000002	-0.07239256849999999	0.0373429177	0.005333781	-0.0253272691	-0.0146324241	0.0905057375	-0.080567188	-0.026074342400000002	0.0316284176	0.0367280743	-0.05314104	-0.0680916791	-0.0384994316	0.0046094995	0.023687543300000002	0.0560749945	0.0723162763	0.0398428256	-0.0246945041	0.0430629848	-0.0048535527	-0.0283931881	0.0194881339	0.0335035993	-0.002198088	-0.0846796227	-0.1168907692	0.0495938529	0.1765102734	0.0437129204	0.06586609730000001	-0.0045773621	-0.0415448667	-0.0128790274	-0.1276342317	-0.0098532349	-0.0093358795	0.0498818162	0.0453075143	0.0315589552	-0.0464987889	-0.11061857580000001	0.0111307475	0.030840388	0.1127675718	-0.005615688299999999	-0.0149385804	-0.042992540999999995	-0.0629154716	0.0506164726	-0.0940838309	-0.059220427400000004	0.06912390709999999	0.045361798499999995	-0.0495661771	0.010604198799999999	0.0383598608	0.0066453996999999996	-0.108479834	0.0894969164	-0.011108835400000001	0.0429481598	0.057657037	-0.09692471820000001	-0.0257653253	0.0962886083	-0.0223119646	-0.0302264457	-0.0792506671	0.0186603252	-0.0605481834	0.0709712087	0.1123368222	0.035949892000000004	0.05994900650000001	0.0392644131	0.0335728293	0.0604613915	0.0273441246	0.0659526249	0.0613818041	-0.088243201	0.1022000642	-0.0769512728	-0.0076662421999999985	-0.0796124134	-0.0476932776	-0.0224393646	-0.011052352	-0.038521339700000004	0.0562681163	-0.10897995630000001	-0.0720108889	-0.0182788922	-0.0437888547	0.0093461365	-0.048407205	0.018287734099999998	-0.0382247551	-0.0802570798	0.0025167129000000002	0.0083609385	-0.0694465853	0.09745418189999999	0.035973094	-0.0474812705	-0.0735086536	-0.025328835600000002	0.0161455391	0.0364743351	0.0075662835	0.037316991	-0.059161867800000004	0.076422251	-0.1193422666	0.1151079686	-0.011737642	-0.0452772931	0.0144731801	-0.024699225800000002	0.026351291699999998	-0.006900349399999999	0.0157528668	-0.0203052169	-0.098827932	0.06278431799999999	0.0152240679	-0.0911746382	-0.044140827699999996	0.0771750246	0.06861749889999999	-0.012519700000000005	-0.002968990000000005	8.814901620100027e-06	0.00015674288809000014	-0.064062	-0.0227475	0.004103939843999999	0.0005174487562499999	0.0510885	0.0043349000000000035	0.00261003483225	1.8791358010000023e-05	-0.00303831	-0.00011501999999999995	1.3229600399999992e-08	9.2313276561e-06	0.00031937400000000004	-0.00039607599999999987	1.5687619777599995e-07	1.0199975187600003e-07	0.00107686	-6.667999999999995e-05	1.1596274596e-06	4.446222399999994e-09	0.0	0.0	0.0	0.0	0.0	0.0	0.0	0.0	0.0	0.0	0.0	0.0	0.0	0.0	0.0	-0.7200500419	0.1432094845	1.431724413	0.1024063745	1.143508385	0.9869228796	0.9199846003	-0.2481854138	-0.7804055802	-0.1488449937	0.2141644018	0.1189769921	-0.9457738591	-0.748904846	-0.7764288003	0.2654875031	0.1116783402	-0.5209680099	0.5811536814	-0.970075416	0.5720740658	-1.111003894	-0.09162899178	0.5390609247	0.3977521672	-0.683433087	-0.9499056638	-1.341332637	0.03571727066
913.0730989614807	2.780225311312961	833702.4840471221	7.72965278166525	671.3699989538212	0.7741623954814258	450737.67549525393	0.5993274145775396	653.7347106176594	-0.39737955071086617	427369.0718663549	0.15791050732316986	1.211856	20.165628	0.07463161	0.06050584320000001	-0.045566860599999995	-0.1350321775	0.0597347867	0.060373789800000015	-0.0727630566	-0.0434111317	-0.074562926	-0.0590267129	-0.0719109714	-0.0576853045	0.0179375052	0.06495524849999999	-0.0223531798	0.0584007287	-0.0742865392	-0.0044801831	0.07851280719999999	-0.0381734319	-0.0911080177	-0.1010783978	-0.063681393	0.0695452975	0.0535552406	0.0008273716999999999	0.0957648582	0.021586277400000003	0.0226041515	-0.0559676505	0.0671783689	-0.18880425539999998	-0.0233283727	0.0179855186	-0.0179552133	-0.13458806550000002	0.0949390256	0.0859335256	0.0133812233	-0.0040096465	-0.0785497774	-0.0995993259	0.116257931	0.054009971399999995	-0.0041490663	0.0444535661	-0.060577134500000004	-0.1039194863	-0.0409977555	-0.12014567400000001	-0.026253418799999997	-0.0652427441	0.055606608200000004	-0.0218431869	0.0607335604	-0.1588033817	-0.0764060758	-0.0326214855	-0.0786029029	0.0109817712	-0.1318744842	0.0034256521999999996	0.0435072279	-0.08050490019999999	0.0047490924	0.0509559542	0.0766982064	0.0563948388	-0.1888013584	-0.0888330334	0.0179068975	0.1448765002	-0.0344825983	0.0046676072999999995	-0.11770318140000001	0.0030496833	0.0575131043	0.0790073886	0.020247536899999998	0.0312197614	0.0687881362	0.117441975	0.044876849100000005	0.0552058651	0.02139002	-0.053775797	-0.0723777867	0.043023112	-0.0622956612	0.0850783256	0.0059609798	0.0455155844	-0.140614037	0.010844334099999998	0.0799560524	-0.027855286	0.0778243017	-0.0520379834	0.0081643492	-0.0825896866	-0.0579999295	0.039942984300000005	-0.0200965323	-0.0670746134	0.1342635138	0.159021692	0.0403770617	-0.10455223400000001	0.0729839004	0.0956260963	-0.1327229511	-0.0143622226	-0.0405599877	0.048491436	0.0718300777	0.0342045182	-0.1235199382	0.1309179655	-0.0373614922	-0.0141239334	-0.0767540392	-0.0007756680000000001	-0.1208553614	0.0011201277	0.0684862691	-0.0463332776	0.0611091987	-0.007596889200000002	-0.0343543442	-0.024267875	-0.08522051480000001	0.0520153941	0.0847997233	-0.1626687372	-0.029888979700000002	0.0891666594	0.0526938796	-0.0883459358	0.0236165745	0.0330207554	-0.1151575851	0.0172284202	0.0257897029	-0.08530075050000001	0.1511295428	-0.0507179242	0.0346738152	-0.004676572	0.0228208389	0.0169527205	-0.0503473815	0.1054030074	0.0526799432	-0.094771759	-0.035542301899999997	0.013850234	-0.0920067629	-0.0403976177	0.080350543	0.0635817472	-0.00949429	0.003025410000000005	9.153105668100026e-06	9.01415426041e-05	-0.0358951	0.028166899999999995	0.00128845820401	0.0007933742556099996	0.0318553	-0.0192332	0.00101476013809	0.00036991598224	-0.00325915	-0.00022084000000000039	4.877030560000016e-08	1.06220587225e-05	0.000186762	-0.00013261200000000002	1.7585942544000006e-08	3.4880044644e-08	0.00120753	0.00013067000000000005	1.4581287009000004e-06	1.7074648900000008e-08	0.0	0.0	0.0	0.0	0.0	0.0	0.0	0.0	0.0	0.0	0.0	0.0	0.0	0.0	0.0	-0.654526223	0.3017522562	1.699041107	-0.003630680656	0.1548466331	-1.070701555	1.045256996	-0.2202263724	1.743664499	-0.9105439694	-0.3849651065	0.1417237428	1.515170998	0.4366649221	0.3486425369	-0.5429077147	0.1578939433	0.1748248918	0.09597665489	0.7759127098	0.6640530165	-0.4006726952	-0.7945077322	-1.42353775	-0.2205399559	-0.6559050328	-0.722306037	0.2308162099	0.8143283743
912.6371171286804	-0.43598183280028013	832906.5075609487	0.19008015853189156	672.4299069668959	1.0599080130747325	452161.9797835083	1.1234049961800272	653.1607732053637	-0.5739374122956633	426618.9956542286	0.3294041532326422	1.166116	19.404499	0.08803332999999999	-0.11720516	0.0058652386	-0.0414941292	0.0289310588	-0.0073171838	-0.0581765809	0.11325015050000001	0.0826467722	0.0008909933	-0.0348156408	0.0473766635	0.040866648	0.012828814	-0.036647916600000004	0.056782978899999996	-0.0708475371	0.0696256216	-0.0702955426	-0.0256068841	-0.0440795725	-0.0193412772	-0.0593558973	-0.0706597845	0.0215308592	-0.0981035039	-0.031273292200000004	-0.0067343596999999995	-0.10713225789999999	-0.044552987800000006	0.0030918521999999996	0.03428803	0.002319396	-0.0323550737	0.018769379699999998	0.1597283269	0.1877728035	0.0138464966	0.070254133	-0.014020648600000001	-0.039729375	-0.0391276658	-0.0008512786999999999	-0.059439517000000004	0.07311856509999999	0.045623977	-0.0334467898	-0.0855472304	-0.0607730562	-0.046064334900000004	-0.062444356	0.0581748301	-0.067462642	-0.0211747431	-0.0898573388	-0.1287184432	0.0080409724	0.082833137	-0.0770432078	0.1029174702	0.0019946987	0.0598503651	-0.0101368801	-0.039991204	0.0065113299	0.0102428913	0.058855334100000004	-0.026525946499999998	-0.14217431949999998	0.0818673284	0.0202752073	-0.0355482829	0.0264380523	0.11472264539999999	0.0889019844	0.06376472849999999	-0.011616898200000001	0.0665807469	0.08486283929999999	0.0436367746	-0.0179092228	0.0482134166	-0.0893502167	0.0901021242	-0.0581409032	0.0928777152	0.052231657300000005	-0.0206129888	-0.015283687800000001	0.0737834693	-0.0702656245	-0.038301095099999995	-0.0689534326	-0.029552415099999996	-0.0766652451	0.1064601392	0.043356052699999995	0.0095283385	0.0415689827	-0.058426677	-0.0528881258	-0.0286065811	0.057415046500000004	0.07920222889999999	0.0063501932	0.0550339501	0.1140082928	0.02384911	-0.07565552980000001	0.087013065	0.0411367383	-0.12389195039999999	-0.013211091999999999	-0.0726375637	0.031218891600000007	-0.010725868000000001	-0.0667018483	-0.1104433376	-0.0339885606	-0.0754750379	-0.0948157646	-0.0881982418	-0.0173980008	-0.05719200610000001	0.0703402305	-0.0441330632	0.014907454399999999	0.0085457309	0.026622088500000002	0.0667105418	0.0376596927	-0.0520876701	0.0905567255	0.0595072829	-0.1672283195	0.0013070332	-0.0002750564	-0.2044531563	0.08167441730000001	-0.050573079900000005	-0.0541346269	-0.0361672279	-0.09084611050000001	0.0604995775	0.06201950360000001	-0.0298281711	0.08060651740000001	-0.0033984399	0.061189672	-0.0127688257	0.0029528499	-0.039717351	-0.060225512	0.0189691539	-0.1759104267	0.0124734972	-0.0927617564	-0.0365782156	0.08325668	0.058212980899999996	-0.00953207	-3.777999999999941e-05	1.4273283999999555e-09	9.08603584849e-05	-0.013758700000000002	0.0221364	0.00018930182569000005	0.0004900202049599999	0.0414025	0.009547199999999992	0.0017141670062499994	9.114902783999984e-05	-0.00247194	0.00078721	6.196995841e-07	6.110487363600002e-06	0.00010531900000000004	-8.144299999999997e-05	6.632962248999996e-09	1.1092091761000008e-08	0.000949944	-0.0002575860000000001	9.02393603136e-07	6.635054739600005e-08	0.0	0.0	0.0	0.0	0.0	0.0	0.0	0.0	0.0	0.0	0.0	0.0	0.0	0.0	0.0	-0.7460764847	-0.04956345476	0.6869957205	-0.5279030966	1.197222193	0.004227094094	-0.1401832562	0.07038240698	0.2517363217	-0.4684767381	-0.4351438151	-0.07583806794	-0.186753085	-0.4815253265	1.490109587	-0.9639585922	-1.975643225	-1.013941409	-0.6154876966	0.3009303067	1.618400094	0.8523499099	1.391280988	-0.7932666938	0.3298872312	2.299797667	-0.9856685039	-1.030461149	-0.2883482502
910.4707830264432	-2.166334102237215	828957.0467447846	4.693003442515921	670.904500929062	-1.5254060378339318	450112.84936687385	2.3268635802602144	653.9394143022715	0.7786410969077906	427636.75757799787	0.6062819577937674	1.0770110000000002	17.921764000000003	0.10955958	0.078129029	0.0415093208	0.0299162073	0.0836304891	0.1103854033	0.0641277378	-0.0128245929	-0.022046950099999997	-0.07467248809999999	0.0021841811	0.0068041613	-0.005150678499999999	0.0328197197	-0.0552238868	0.0652691367	-0.0176207954	0.0360784367	0.014140074499999999	-0.0359780608	-0.003447537	0.042460276500000005	0.0256201315	-0.056633003499999994	-0.0201134103	-0.0287046654	0.0450581709	-0.0765943454	0.0263178321	-0.0581885924	-0.0407264034	-0.0537807742	0.0388637883	0.0311048065	0.1432308027	0.0909195078	0.051737779000000005	0.043627896	0.0655590169	-0.0161894815	-0.0120970968	0.0148438261	-0.0901554044	-0.044151119	0.025428437400000004	0.06340962160000001	-0.0059815495	0.135838854	0.05346219940000002	-0.0322408437	-0.0609969259	0.0269424417	0.1156162437	-0.061451072999999995	-0.0861067584	0.0322069271	0.09605257029999999	-0.042373365	-0.1239584123	0.0081651129	0.045561736299999996	0.04316929940000002	-0.101965767	0.0678616739	0.0183748978	0.0988204909	-0.1416541932	0.094690001	0.0780284247	0.0897142196	-0.1694645525	-0.0361705918	-0.0152958539	0.0537503009	-0.0334280479	-0.10315319220000001	-0.0256800526	-0.0137715782	-0.025058462599999998	-0.0518803012	0.0018992755	0.1039215909	-0.0279868788	-0.056110373399999997	-0.0241017734	0.0120268589	-0.0721634209	0.0033287266	0.0161592848	0.06583513049999999	-0.0199387578	-0.078267528	-0.0400976524	0.0137861794	0.0047167488	0.0810149589	-0.0038828404	0.0380178556	0.0417956617	0.058045586600000004	-0.013687793799999999	0.0320697985	-0.0793123077	0.0513520473	-0.04916381349999999	0.1304413418	0.0124551975	-0.0020559326	0.0023726586	0.020489771599999998	-0.1003358718	-0.0904692265	0.0052967553	-0.0398318004	-0.0890921721	-0.0256666717	0.06588301099999999	-0.0639028938	0.013876214199999999	0.08250502929999999	0.062087395199999985	-0.0602370547	0.0135910079	-0.0908538912	-0.056965773399999996	0.0154457648	0.0195763778	-0.0851885967	0.021228522599999997	0.0754071289	-0.0781952825	0.12310659460000001	-0.0329163946	0.0980828961	-0.09961528929999999	-0.08894181359999999	0.0751338887	-0.050051190700000005	0.0799935311	0.043336260099999996	-0.0446738243	-0.0842470674	-0.10470283289999999	-0.061519945	-0.1193611839	0.0307361524	-0.0639556584	-0.0353250128	-0.08800423380000001	-0.0337733049	-0.0520290759	-0.0037395164	0.1078762275	0.0239313832	0.016142353300000002	0.0110941461	-0.0934389859	-0.032689825	0.0858836924	0.0525393196	-0.014727200000000003	-0.0051951300000000035	2.698937571690003e-05	0.00021689041984000008	-0.06401800000000002	-0.05025930000000002	0.004098304324000003	0.002525997236490002	0.0629856	0.021583100000000008	0.003967185807360001	0.0004658302056100004	-0.00277945	-0.00030751	9.45624001e-08	7.725342302500001e-06	0.00044686	0.00034154099999999995	1.1665025468099994e-07	1.996838596e-07	0.000951334	1.389999999999985e-06	9.050363795559999e-07	1.9320999999999586e-12	0.0	0.0	0.0	0.0	0.0	0.0	0.0	0.0	0.0	0.0	0.0	0.0	0.0	0.0	0.0	-0.7770281646	-0.1513545911	1.11030947	-0.5106948735	0.9679786947	1.12831867	-0.08897766003	-0.3407251203	0.8350262012	-0.3721862813	0.2607044839	-1.032048491	0.9771472338	-0.8983620933	-0.4708772956	0.04622669752	0.3949433741	-0.1334909989	0.3112231802	-0.9990279908	-0.3468134326	-1.30511328	0.7413214538	-0.4131591634	-0.2852726732	-0.2089852253	-0.4448375084	-0.368035841	-0.08262308463
913.7913484578739	3.3205654314307367	835014.6285164595	11.026154784412794	671.6629076855668	0.7584067565047691	451131.0615606302	0.575180808312084	654.3432113706581	0.4037970683865524	428165.0382668657	0.16305207243757405	1.050577	17.481904999999998	0.07160440000000001	-0.0771847065	-0.0109481771	-0.054067745800000004	0.09776723539999999	0.013895111399999998	-0.0219155885	0.0228589134	-0.0320292499	0.04800014019999999	-0.0535017517	-0.0319197993	-0.1007610807	-0.0752204402	-0.0334252877	-0.0042934326	-0.0565920055	0.042601112000000003	-0.0797671745	-0.12177592460000004	-0.015505405	-0.069178218	-0.0567868368	-0.0499182525	-0.035024056899999996	-0.0626474286	-0.036320458300000004	-0.1220861737	-0.025825382	0.0437647415	0.0036052714000000003	0.0559516617	0.0524651284	0.0371087946	0.0431554287	-0.0054160015	-0.08611265539999999	0.0180122409	0.0461125833	-0.061091894199999996	0.10420241779999999	-0.0442733902	0.0638029939	0.0030467971	-0.1111965853	-0.0447193235	-0.1367075883	-0.046350692699999994	-0.020532901399999998	0.09605526029999999	0.0461461992	0.0452147675	0.048230358	0.0412465483	-0.0293119264	-0.123880338	-0.0477638	0.0099856419	0.066077556	-0.045869065300000005	-0.022274835	-0.0525196463	-0.03449755	0.0215568491	-0.011206079499999999	0.1352974495	-0.0242184571	-0.0745208055	-0.0125984863	-0.047119610199999995	-0.030273679100000006	0.069573549	0.0845500026	-0.1106344079	0.0269218281	0.046601571200000004	0.017056166	0.015619116899999999	0.0247623352	-0.05491082059999999	0.0374479253	0.1081769802	-0.12329702199999999	0.023439698999999998	-0.027303476299999997	-0.0544902549	0.0352843665	0.11481412630000001	0.11750754779999999	0.0145156942	0.030406965499999997	0.0339952696	-0.024163564199999998	0.028896342999999998	-0.052800558399999996	0.1362999445	0.09847544789999996	-0.0736539048	-0.0276959759	-0.0559591711	-0.0689715709	-0.033042305099999995	-0.038891091600000004	0.038740966	-0.007041290200000001	-0.057141193300000004	-0.0599583419	0.0942045959	-0.042605866900000004	-0.0386400305	0.0294617366	0.012586426000000001	0.1023735107	0.0417964901	-0.0728285011	-0.005120087	0.0840623501	0.0804542566	-0.0226775668	-0.0224328225	-0.0816937489	0.0055577827000000005	0.0188683866	0.0562634318	0.0065869804	-0.0499820067	-0.050010226100000006	-0.0770549707	0.041429051099999996	-0.0493450351	-0.0191462273	-0.0897103756	0.0649941949	-0.0472401344	0.0037025190999999996	-0.0569840438	0.1009020784	0.0787129271	-0.0719585331	0.08520993310000001	0.0177892737	0.0368252775	0.0093993287	-0.0329270872	0.0239210044	0.0677644742	0.041774084700000005	0.07082830150000001	0.0138386883	-0.0757005047	-0.004389555900000001	0.0697760145	-0.0789665676	-0.0755336857	0.1445800195	0.0097124697	-0.0940378836	-0.028739779500000007	0.0882227731	0.046590479299999994	-0.0094923	0.005234900000000004	2.7404178010000045e-05	9.010375928999998e-05	-0.0427258	0.021292200000000015	0.00182549398564	0.0004533577808400008	0.0362702	-0.0267154	0.0013155274080400002	0.00071371259716	-0.00298201	-0.00020256000000000007	4.103055360000003e-08	8.892383640100001e-06	0.000504502	5.7642e-05	3.322600164e-09	2.54522268004e-07	0.00105837	0.00010703600000000012	1.1201470569e-06	1.1456705296000028e-08	0.0	0.0	0.0	0.0	0.0	0.0	0.0	0.0	0.0	0.0	0.0	0.0	0.0	0.0	0.0	-0.689683265	-0.1371355422	1.409621622	0.4031799802	0.440847725	-0.2362917159	0.8482329546	-0.2899200511	0.70450499	-0.376794603	-0.3240588659	0.2567813319	0.5619386619	-1.74997959	0.2726451075	-1.127155037	0.2987631538	0.0133853027	-1.01522739	0.6147066166	0.2832665395	-0.2388086704	-2.015381103	-0.7567347446	-0.5900582889	0.7237965683	-0.8718355794	2.085272463	1.104059527
914.846399917708	1.0550514598340897	836943.935442391	1.1131335828980438	672.1124974938052	0.4495898082384429	451735.2092873603	0.2021309956718798	653.2930557487682	-1.050155621889871	426791.8166895632	1.1028268301869024	1.2388629999999998	20.615032	0.04328442	-0.071296746	-0.1040154257	0.014075520400000001	0.0393948104	-0.097471302	-0.07260026280000001	0.0686923242	-0.0130820754	-0.0238532965	0.052296584199999996	0.0646775769	-0.0065945478	-0.0380790723	-0.0258436491	0.12438515900000001	-0.0295740912	-0.06341924339999999	-0.042418104299999995	0.035136392200000005	0.0159377328	-0.07371004769999999	-0.04554299	0.043550369500000005	0.0131311917	-0.0160320243	-0.0431691885	-0.0126425794	-0.1071821743	0.0625176241	0.1175318073	0.0323858763	-0.0307261263	0.1197064068	0.003560534600000001	0.1182831117	-0.0280999837	-0.048341499	0.0987968826	0.0631510269	0.0623464816	-0.063620249	0.0141801805	-0.0433922419	-0.015472651100000004	0.0256973236	0.014292356	0.0906386364	0.0201347976	0.1189940051	-0.120934555	-0.016915468	-0.055641746900000004	0.0450131599	-0.06948041419999999	0.0055677991000000005	0.0083144693	-0.0169678119	0.0937896507	-0.0298244729	-0.008062574599999999	0.0628374779	-0.0204972597	0.066268467	-0.0127124334	-0.0961182651	-0.0043413477	-0.0033309064	0.06468816299999999	0.05251661690000002	0.0636883632	0.06427863519999999	0.0007546419	-0.0647986383	-0.010218931899999999	0.0678637147	-0.0824238957	0.0366675084	0.1286721406	0.031069952400000007	-0.0038559044	0.036268420600000004	0.021422016000000002	0.0776514762	-0.0499540187	0.013917918799999998	0.0064054321	-0.08642317029999999	0.0817592633	0.023382704700000003	0.052022529000000005	-0.0888086286	-0.0541580013	0.0141141724	-0.0259423431	-0.0396382512	0.026884005899999997	-0.07542221639999999	-0.08724295289999999	-0.0935252889	-0.0187650719	-0.024320121099999998	0.1098317553	0.0406732919	0.0119200256	0.0134837243	-0.0655626526	0.0654673013	0.0889446492	-0.0098310571	0.021604114599999998	0.0051958068	0.09552574230000001	-0.0202917993	-0.0366579923	-0.0989484834	0.052369720599999996	-0.0726082765	0.1250525407	-0.062408056399999995	0.0039315839000000005	-0.0469624057	0.0289063704	-0.0283443685	-0.0246647912	0.1298404292	-0.0424337666	-0.1094530308	0.10150571800000001	-0.019058023700000003	0.0522325493	-0.0740593909	0.0242638661	0.0964200238	0.042833675	0.0361752026	0.025234415899999998	-0.025125393700000002	-0.0397585972	-0.0448741779	0.0939947106	0.028762486299999997	0.031351887599999996	0.1069381135	-0.030303766200000002	0.0032913526	0.035058820899999996	0.0583142647	-0.0109366957	0.104965064	0.0909047339	0.0674333549	0.0221059467	0.09294260160000001	0.0255918306	0.0083287577	-0.0945579475	-0.0247355292	0.09026608	0.0403976177	-0.00953172	-3.9420000000001815e-05	1.5539364000001433e-09	9.085368615840003e-05	-0.0372262	0.005499600000000007	0.0013857899664399993	3.024560016000008e-05	0.0483702	0.0121	0.0023396762480399997	0.00014641	-0.00344025	-0.00045824	2.0998389759999995e-07	1.18353200625e-05	0.000454284	-5.0217999999999986e-05	2.521847523999998e-09	2.06373952656e-07	0.00105392	-4.450000000000027e-06	1.1107473664000002e-06	1.980250000000024e-11	0.0	0.0	0.0	0.0	0.0	0.0	0.0	0.0	0.0	0.0	0.0	0.0	0.0	0.0	0.0	-0.740987577	0.2180227242	0.8083887296	-0.1321851645	1.169899743	-0.03265022226	0.8580594615	-0.1055711907	-1.025124293	-0.2299931913	-0.8576356352	0.4304499466	-0.8614838298	1.661489263	0.2837368793	0.1048550809	-1.969572466	-0.2058821505	-1.670296633	0.4141808357	0.5491752173	1.04035755	0.4509051247	0.3791250546	-0.08738000924	-0.2179934842	-1.389656984	-0.8456225021	0.4914788534
909.5481469320135	-5.298252985694488	827277.8315874597	28.07148470042057	670.2782263253232	-1.8342711684820188	449272.9006858212	3.3645507195243907	652.4529905237719	-0.8400652249963514	425694.9048434132	0.7057095822481705	1.451564	24.154442	0.12131508	0.1126848651	0.0707894596	-0.0165203275	-0.07377150519999999	0.0411087721	0.065811747	-0.05729760940000001	-0.05697487740000001	-0.07274286099999999	-0.0519340618	-0.0092083228	0.12002428970000001	0.0319456789	0.0011953592999999999	0.0409636795	0.006484944499999999	-0.1171034066	-0.0151968107	-0.0403935633	-0.0433444215	0.0395054552	0.030811480099999997	0.07414121280000001	-0.041585252999999996	0.0466188351	0.0884845709	0.0234610006	-0.0252747428	-0.0550868426	-0.0533528472	-0.09956095390000001	-0.022224406699999998	0.0680714048	0.0611708474	-0.0414292461	-0.0219076023	0.0185245452	-0.0232710967	0.0953779925	-0.0595134675	-0.0307531819	0.0164990763	0.0429120676	-0.0055248445999999994	0.10850892449999999	0.024967268100000002	-0.0341704032	-0.0742985726	0.1334590098	0.0390914487	-0.0102309962	0.0683782327	-0.0025275137	-0.10454783710000001	0.0511615556	-0.009863698399999999	0.0826689194	-0.12099663960000001	0.143418084	-0.0504970441	-0.0513433207	-0.059997278700000004	0.0025094717000000003	0.045944600599999996	-0.1199568895	-0.08513893759999999	-0.002972798	-0.0059422001	0.16186556300000002	0.10607640210000001	-0.1404983038	-0.0766103397	-0.027713566600000003	-0.0628024285	-0.11974640130000001	0.0389410221	0.0048458407	-0.0056603971	0.1278345762	-0.0220292706	0.023368353799999998	0.0834984653	-0.0743888929	0.0065964073	-0.0207521243	-0.0844557516	0.0067114157999999995	-0.070959592	0.019023565	-0.0052502506999999995	-0.065058088	0.0402571319	0.08398947949999999	0.0016459648	-0.0329350964	0.0746693065	-0.0192603745	-0.0491916487	0.07020143969999999	0.0045076619	0.042035829000000004	-0.0223161454	-0.0251824155	-0.0773243416	0.1065201805	-0.0036906981	-0.0186257078	0.0888779542	0.030014833799999998	-0.0703410935	0.00029287869999999996	-0.0810637074	0.0201578942	0.0402075728	-0.0674910715	0.0139470505	0.0987758018	0.09299637820000001	0.08367431339999999	-0.043662214500000004	-0.05754576	0.0170876856	0.0462664651	0.1196602048	-0.0033758234999999998	0.0819011771	0.0190357234	0.0553502867	0.0836663198	0.044201727999999996	-0.024919672200000003	0.0968206858	-0.0842117834	-0.0973512366	0.0553285126	0.042249570800000004	-0.0078985494	0.0084509258	-0.06997875349999999	0.0071707631999999985	-0.048801501799999994	0.1654326192	0.054368796	-0.1546058851	-0.0115926475	-0.1417893671	-0.0816938539	0.014178278	-0.0738417446	0.0788968304	-0.0537329633	-0.08159819389999999	0.1372098017	-0.0508487551	0.0069433001	-0.0949987415	-0.020684626299999998	0.0920067629	0.0339931704	-0.0189413	-0.009409579999999996	8.854019577639995e-05	0.00035877284568999984	-0.063959	-0.026732800000000008	0.004090753681	0.0007146425958400004	0.0588518	0.0104816	0.0034635343632400005	0.00010986393856	-0.00240235	0.0010379000000000002	1.0772364099999998e-06	5.771285522500002e-06	0.000720519	0.000266235	7.088107522499999e-08	5.19147629361e-07	0.0008642329999999997	-0.00018968700000000037	7.468986782889996e-07	3.598115796900013e-08	0.0	0.0	0.0	0.0	0.0	0.0	0.0	0.0	0.0	0.0	0.0	0.0	0.0	0.0	0.0	-0.7409741331	-0.1954540421	1.287211439	-0.5248524786	1.223482749	0.4513076734	-0.1711336839	0.00976403706	2.321752599	-0.06802067036	0.4713335907	-1.290460836	1.323950902	1.913375767	-1.134099178	-0.7568638378	-0.4718626031	-0.4890017848	0.8491300558	-1.27782173	-0.04629521754	-1.220799763	0.1255577733	-1.764259498	-0.160224729	-1.128984492	0.5252814028	-0.5888826839	-0.9015346173
907.7667418979657	-1.7814050340477934	824040.457696048	3.17340389533082	670.1456525007205	-0.13257382460267308	449095.1955656165	0.017575818969780332	651.6008950863967	-0.8520954373751692	424583.72647739336	0.7260666343955808	1.491723	24.822701	0.07385445	-0.0664712703	-0.0462254203	0.0005278081	-0.1176084593	0.055257052699999996	0.0095165733	-0.0194708435	-0.06433717629999999	0.15051201179999998	-0.054969381799999995	-0.0020428989000000003	0.0081701277	-0.0760618536	0.08985984699999999	0.0241281644	-0.0206419005	0.080781492	0.0091983262	-0.08755618429999999	-0.0652301003	0.0601678646	-0.11391825480000001	0.021651497999999998	-0.0128811303	0.022236889	0.0058165288	-0.10354435810000001	-0.0712359961	0.0157045886	-0.0194810468	-0.1165944371	-0.0139588715	0.0300785326	-0.020674698000000002	0.043758093	0.0072862459	-0.043087943	-0.0490934742	-0.0444370767	-0.0085629097	0.085880148	-0.0170756008	0.0086065608	0.0161897965	0.052840933799999996	-0.0077418266000000005	-0.0630137726	0.0147766273	-0.0703756686	-0.0140853906	0.0352453913	-0.0589845323	0.033499020899999996	-0.1158146754	0.006489051	-0.0193968606	-0.0825227053	0.0319888598	-0.1478802525	0.0629026253	-0.13551899439999998	-0.058003932	0.0026634441999999997	-0.0797579931	-0.1303622924	0.0143193726	-0.009901638	0.0360585295	-0.0148545237	0.038791016	-0.0796673651	0.043195024500000005	-0.18576566449999998	0.0107743015	0.0799436386	0.0799845419	-0.0928109717	0.016940708	0.0669562468	-0.0177150293	0.041542823	-0.0390767994	-0.027184433799999998	0.0057856172	-0.11609725060000001	0.1261489005	0.0587123899	-0.044626884500000005	-0.0462943161	0.013189070700000001	-0.0331225837	0.0024072459	-0.0489233316	-0.010017403900000001	0.1007390693	0.11478438619999999	0.0212147149	-0.0638964725	-0.0669460444	-0.053959527199999996	0.0350271977	-0.0912842084	0.0354872931	-0.0342113628	0.0827660497	-0.0322099277	-0.0538006924	0.039086838900000004	0.0188862945	-0.0009364045	-0.0483809301	0.0232086079	-0.0172764599	-0.014101530800000001	0.06105711730000001	-0.0758104901	-0.0700544425	0.0035898613	0.0357331983	0.0119223441	0.0122636148	-0.043443021	-0.0562387508	-0.0288368162	-0.0632688493	-0.0152480307	0.1267391709	-0.0052468898	-0.0504034869	6.06021e-05	-0.021071272000000002	-0.0268724096	0.0240802425	-0.0769674316	-0.0107792882	-0.0316018292	0.1857670645	-0.08191699150000001	-0.1168703477	0.08848672460000001	0.11781193779999999	-0.0491400163	0.119708803	-0.1054829523	-0.0097672502	0.024083747200000002	0.0746158323	0.0890146634	-0.011477456399999999	-0.043555270800000004	-0.0346396561	-0.048500536399999995	0.0212980926	0.0080836995	0.0055563871999999995	-0.0953598961	-0.016594711	0.0934389859	0.027410681200000002	-0.017953799999999995	0.0009875000000000023	9.751562500000046e-07	0.00032233893443999985	-0.033920099999999995	0.030038900000000007	0.0011505731840099995	0.0009023355132100004	0.0452176	-0.013634200000000006	0.0020446313497599995	0.00018589140964000018	-0.00265235	-0.0002499999999999998	6.249999999999988e-08	7.0349605225e-06	0.000446782	-0.000273737	7.493194516900001e-08	1.9961415552399995e-07	0.000924373	6.0140000000000295e-05	8.544654431290002e-07	3.6168196000000358e-09	0.0	0.0	0.0	0.0	0.0	0.0	0.0	0.0	0.0	0.0	0.0	0.0	0.0	0.0	0.0	-0.5565391611	-0.1413685445	1.376252614	0.3090860209	0.2861017894	-0.912869752	-0.3393216326	-0.2358880443	-0.5169154516	-0.2411878235	0.5150031814	0.3028073083	-0.2383490028	-1.910509734	-0.02723451101	0.5817567683	-1.067831434	-0.1361938269	-2.161997371	0.07170447972	0.474760466	-0.284638361	-1.771316721	-1.772178462	-0.4438683449	1.147751262	-0.2673983646	1.201465878	0.85905519
911.5503222593317	3.7835803613659214	830923.9900110916	14.315480350913873	671.4826573937845	1.3370048930639769	450888.9591806186	1.7875820840770162	653.0949136935168	1.494018607120097	426532.9662923421	2.2320915984210745	1.153767	19.199022	0.07979835	0.025216481699999998	-0.012709171699999999	0.035512504900000005	0.0496884328	-0.0507499009	-0.0358921808	0.048286768499999994	-0.0204255918	-0.0265028782	0.0668671908	-0.0103279802	-0.0010288216	0.12151263039999999	0.0754951979	-0.100009049	0.0702591417	0.11327971769999999	-0.0587336248	0.0490924753	-0.0803315967	0.006880960699999999	-0.0327118964	-0.0648321439	0.0030540424	0.0362648068	0.029910115	0.0798039897	-0.09582809279999999	-0.0163094179	-0.0877259634	-0.13098218179999999	0.0600152443	-0.0271834815	0.0047652059000000005	0.0233904379	0.053799289800000004	-0.0239304896	0.0054782627	-0.045339646799999994	0.09083942630000001	-0.0169610821	0.0315943312	0.1605277041	0.0100127316	0.05654556440000001	0.0090802168	0.006632800699999999	0.0232600373	-0.0626363839	0.1230963034	0.0667634061	-0.012864303700000001	-0.0774665112	-0.0854041228	-0.076896345	0.0090081797	0.0738884818	-0.0614277795	0.0712562135	-0.11806218269999999	0.0279816881	0.10584636480000001	0.0663080375	0.0125219394	-0.0662616703	-0.0161151709	-0.030947819100000006	0.12517041339999999	-0.12260897330000001	0.0193476127	-0.0473813329	-0.0095100826	-0.1666059909	-0.0066492399	0.015851938500000003	-0.0686811381	-0.0121203721	-0.0227246402	-0.0384326436	0.0854682337	-0.0738188585	-0.0896791124	0.0501988205	-0.0363272072	-0.0053407551000000004	-0.048053842400000005	-0.0519287725	-0.1246435908	-0.0197825695	0.0491346546	0.1150119419	0.0675175833	-0.0935625181	-0.030747339900000007	0.022472463300000002	-0.0775328493	-0.0507493592	0.0636216258	0.0051556715	-0.0293278563	-0.0735613983	-0.046140005899999996	-0.0577386308	-0.1285529346	0.118945785	0.045634805599999995	-0.032445567200000004	-0.1067648415	0.0682943641	-0.0688009818	0.0038139540999999996	0.0643814896	0.0184354478	-0.057107031600000004	0.0172261911	-0.013241686	-0.0124009503	0.031390009100000005	-0.059941321299999996	-0.0302620093	-0.0378802934	0.045868152599999996	0.0182554828	0.07123234099999999	-0.14640431199999998	-0.0445285877	0.10226380539999999	-0.0065671257	0.0792401144	-0.021196450699999998	-0.1494420242	-0.0510308911	-0.0666846407	0.0276973305	-0.033532307000000004	-0.0581479416	-0.013594902800000001	0.0921294942	0.026080121499999998	-0.1293283046	-0.0210935542	0.057604160999999994	0.055889233499999996	-0.1603899142	-0.0124282722	-0.0487422905	0.1022835565	0.0829586858	0.0387436945	0.0232213712	-0.0619627411	-0.0442947426	-0.0428306816	0.0191852025	0.0041683097	-0.0956411086	-0.0124734972	0.0945579475	0.020684626299999998	-0.016566	0.0013877999999999946	1.9259888399999848e-06	0.000274432356	-0.0425135	-0.008593400000000001	0.00180739768225	7.384652356000001e-05	0.0641856	0.018968000000000002	0.004119791247359999	0.000359785024	-0.00328826	-0.00063591	4.043815280999999e-07	1.08126538276e-05	0.000501128	5.4346000000000045e-05	2.953487716000004e-09	2.51129272384e-07	0.0012511000000000006	0.0003267270000000006	1.5652512100000016e-06	1.067505325290004e-07	0.0	0.0	0.0	0.0	0.0	0.0	0.0	0.0	0.0	0.0	0.0	0.0	0.0	0.0	0.0	-0.6408375699	-0.223099703	0.9183209008	-0.1048211214	0.4081935798	-0.9480701309	-1.279752493	-0.4201773281	0.7509400398	-0.1147803505	-0.9041789099	-1.105390348	0.9696232299	0.06788030938	0.5899742997	0.05360796531	-2.130168255	-0.2038881774	-0.6009093761	-0.06684493568	-0.156663969	-0.1428702061	-0.07822229417	1.237503386	-0.3417648227	1.016088427	-1.012730433	-0.6817768816	-0.5298938882
911.594002361088	0.04368010175630843	831003.6251407072	0.0019079512894414586	670.6077697283292	-0.874887665455276	449714.7808200038	0.7654284271657829	653.6104403958241	0.5155267023072838	427206.6077944231	0.26576778079182284	1.117656	18.59811	0.075161	-0.0659391458	0.119508041	0.0137479525	0.053587482400000004	0.018970058300000002	0.10133630800000001	0.0524863176	0.058849298700000004	0.017993528999999998	0.0026622636	-0.031065016600000002	-0.0039992091	0.0383119347	-0.0363534873	-0.0304627232	0.027708777400000002	0.0676565549	-0.05423865480000002	0.0163938579	-0.0164822833	-0.0342226557	-0.013311477	0.029953802999999998	0.1303800126	0.0343256931	-0.055906694699999995	0.0966983017	0.054547012	0.0121962124	-0.0256580541	-0.0777343722	0.0339055836	0.0363615556	0.0251267536	-0.0697366794	-0.1048387597	-0.074305941	-0.0602950069	0.09112443560000001	-0.040695167000000004	-0.05781102990000001	0.14317830609999999	-0.0322874019	0.0513125559	0.0417153906	0.0066780839	0.0164014553	-0.0028420953000000003	0.027624570600000002	-0.0028951696999999998	0.0633881738	-0.0312247373	0.0157892851	-0.011454591299999999	-0.0465488311	0.1487788283	-0.0793274133	-0.07398041150000001	-0.006289434799999999	0.0112102107	0.1197519532	-0.026223427599999998	-0.023004628	0.0127769786	0.0135047344	-0.106311694	0.1242800299	-0.0219830525	0.0864095891	0.0287910408	-0.16250955179999999	-0.0077861897	0.0472318091	0.1273566102	-0.0520702834	0.002240104	0.0145561618	-0.042071087400000005	-0.0546559887	0.0443290298	0.023105884700000003	-0.034849702	-0.0776774678	-0.051509463899999997	0.06838637019999999	0.042425627800000004	-0.0010727941	-0.0239765283	0.0465633002	-0.0065853551	0.07572897940000001	0.0438698826	-0.048773896399999996	-0.0462862417	-0.0031414457	-0.0413171472	-0.0146681668	0.10087307779999999	-0.0726934516	-0.006351544399999999	-0.0111156524	-0.0273636441	-0.054847910300000004	-0.0012443443	0.1249761287	0.0030676668	0.0530874395	0.0472738271	-0.1266599326	0.050392695	0.06983949099999999	-0.0592654526	0.06352369620000001	0.0103208936	-0.0527759941	-0.0334414132	0.0605448631	0.0024765323999999997	0.0585292348	-0.0747936303	-0.0144239692	0.10170578429999999	0.022138329900000003	-0.08740406740000001	-0.024738569300000002	0.046315173200000004	-0.09522423599999999	-0.07832801519999999	-0.0336508112	-0.005689479599999999	0.0554935189	-0.0211965827	0.0687063334	-0.060741125199999996	0.0464113949	0.0158735199	-0.090669573	0.1257030272	-0.0229424682	0.0401934525	0.1614299724	-0.0196043434	0.013544808899999998	-0.1324659926	-0.0833512683	0.006078993	0.0241734409	-0.0157734312	-0.06949772559999999	0.0775175204	-0.0829934032	-0.0219702877	0.0015352660999999998	-0.0367953529	0.0027793585999999998	-0.0958421433	-0.0083287577	0.0953598961	0.013850234	-0.0184291	-0.0018630999999999997	3.4711416099999984e-06	0.00033963172681000006	-0.06747689999999999	-0.0249634	0.004553132033609999	0.0006231713395599999	0.0619267	-0.002258900000000001	0.00383491617289	5.102629210000005e-06	-0.00283112	0.00045714	2.089769796e-07	8.0152404544e-06	0.000624199	0.00012307100000000001	1.5146471040999998e-08	3.89624391601e-07	0.000909799	-0.00034130100000000067	8.27734220401e-07	1.1648637260100045e-07	0.0	0.0	0.0	0.0	0.0	0.0	0.0	0.0	0.0	0.0	0.0	0.0	0.0	0.0	0.0	-0.7005747064	-0.2700565641	0.8664283705	-0.1753827531	1.188361975	0.5493813503	-0.5743828929	-0.223324178	-0.8688139707	0.0006910800796	-0.3015265381	-0.5270084628	-0.3702052156	-0.6438773181	-0.4090447251	-2.074282188	-0.5584304831	-0.6588338577	1.204221871	-1.26343932	0.7032212963	-1.872919831	-0.8893404829	-0.4516880413	-0.3145243909	0.8314551543	0.5168557647	-1.018592857	-1.062053535
911.5979812585016	0.003978897413617233	831010.8794345754	1.5831624628089904e-05	670.6354665676929	0.02769683936367073	449751.9290184672	0.0007671149107369808	653.1443564444157	-0.4660839514083364	426597.55035519	0.21723424976040845	1.094096	18.206079000000006	0.08807240000000001	0.0327101692	-0.09327114119999999	0.0391522148	-0.036622737999999995	-0.0576380996	-0.0242330555	-0.0395763135	-0.1051540119	0.036086287	0.027207293799999997	0.0019886877	-0.0869290002	-0.023364089100000002	0.026799868900000003	0.0477487888	0.063114619	-0.0462449285	0.0824255584	-0.0319929363	-0.0034257041	-0.1611467902	-0.1264185705	0.057383547699999995	0.0811573833	0.027038957000000002	-0.0964747668	0.0882432067	0.0173178106	0.0371489474	0.0983397833	0.0516758536	0.0717775253	-0.0450448106	0.0050796126	0.0031382912	0.0333909154	-0.031518240600000004	-0.0918308696	-0.0484381107	0.051138727300000006	-0.0185835242	0.049866154100000004	0.052784907400000004	-0.18175198	-0.0971153352	-0.052336143499999994	0.1068864086	-0.0073885068000000016	-0.0098693127	-0.009931880300000001	0.016589426100000002	-0.056040413899999995	-0.11229623679999999	-0.0073167293000000015	-0.0048920503	0.076564965	-3.2478099999999997e-05	-0.0048040866	-0.1538315255	0.0219201508	0.0496497449	0.0688051291	-0.049138583099999994	0.0785337744	-0.1400219993	0.0736486602	0.0133082756	0.09383835300000001	0.0933799608	0.027764604300000002	-0.0246625303	-0.0723893538	0.11422940779999999	-0.0748517444	0.0419875018	-0.0159879703	-0.0785800573	0.0268201887	-0.0048105319	0.0194770719	-0.0231524688	0.1191077577	-0.0010705031	0.0088699036	-0.1161635641	0.0009588522999999999	-0.0046066314	0.051076513	-0.0320565637	0.1095894298	0.030507639500000006	-0.0161580262	-0.0141886123	0.1185999143	-0.005409993	0.037375221800000004	-0.0485410717	-0.053109430199999995	-0.1811238846	-0.021747075600000002	-0.1325144205	0.022260626699999998	-0.063710423	0.1168619267	-0.0318077507	0.0156766462	0.055994070599999994	-0.1324160483	0.0324908581	0.051038416100000004	0.0699164441	0.030211234500000007	0.0659319223	-0.019890686799999998	0.0203078549	0.0629337157	0.0859225381	0.09023062	-0.0796687823	0.06666907450000001	0.0471665449	-0.0181338455	-0.0794380736	-0.0666376338	0.038398596800000004	-0.11610326160000001	0.051416685499999996	-0.0772585199	-0.0317217338	-0.15042763	0.0176883525	0.0638277475	0.0863699351	0.008343035	0.0098111086	-0.1268722562	0.047044243300000003	0.0934502747	0.0505936824	-0.0371431887	0.0062276806	0.056839927199999994	0.1663594706	0.0154058645	-0.0032442127	-0.0003153253	0.0252120106	-0.0416636428	0.1068579128	0.0594903757	-0.0629082666	-0.1681227861	0.0326118387	0.0075690592000000004	0.0013898248999999999	-0.0959628315	-0.0041683097	0.0958421433	0.0069433001	-0.0195417	-0.0011125999999999985	1.2378787599999965e-06	0.00038187803889	-0.0233301	0.044146799999999986	0.00054429356601	0.0019489399502399995	0.0279179	-0.034008799999999985	0.0007794091404100001	0.0011565984774399994	-0.0028731	-4.1980000000000055e-05	1.7623204000000044e-09	8.25470361e-06	0.000610536	-1.366300000000002e-05	1.8667756900000055e-10	3.72754207296e-07	0.000789358	-0.00012044100000000001	6.23086052164e-07	1.4506034481000001e-08	0.0	0.0	0.0	0.0	0.0	0.0	0.0	0.0	0.0	0.0	0.0	0.0	0.0	0.0	0.0	-0.6075136603	0.2940530611	1.607850247	0.3131277731	0.5158794135	-0.4753117784	0.8033079253	-0.09137809474	-1.092027055	0.1251905424	0.2061298805	-0.09222608768	-0.5338759015	-0.6642191171	0.4225019551	0.4625021139	-0.4053520259	0.3399225326	-0.3983452647	0.3489425447	-0.7312567762	-0.2628485982	-1.53588154	-0.1056428269	-1.021236732	-1.875902729	-0.02882992024	0.7156933558	0.1019823373
910.7261346192952	-0.8718466392064101	829422.0922786025	0.7601165622955123	671.1716240559375	0.5361574882446121	450471.3489378847	0.2874648522007713	652.5373389404396	-0.6070175039761807	425804.9787114701	0.36847025013347257	1.232478	20.508781	0.09372563	0.0437098661	0.008945843	-0.0041697938	-0.0045785463	0.054900812199999996	0.008552487099999999	0.030349337999999997	-0.0533796297	-0.0720324848	-0.0100235095	-0.0012855283	0.0932901283	0.0083593101	-0.0303613017	0.149981229	0.0551366916	0.07508118280000001	-0.0324321122	0.0549186082	-0.0269900971	0.0003575435	-0.0595905949	-0.0432000143	0.05227566559999999	0.0161188351	-0.0659019796	0.0340097426	-0.019410483500000002	-0.017360346000000002	0.0670142768	0.032504667599999995	-0.0096558649	-0.0431109687	-0.0873879284	-0.061494849299999994	0.0207771195	0.113271546	0.0346311909	0.0536139947	-0.0161748519	0.06322196940000001	-0.09722974820000001	0.049181479699999996	0.1077114832	-0.0519762359	0.0521516852	-0.0191616469	-0.005528552	-0.018899588000000002	-0.023596842000000003	-0.0462062175	0.0422336498	0.0999802498	0.0112631366	0.0751091563	-0.06158881190000001	-0.0209233296	0.0812383121	0.0147246601	0.0239109994	-0.0661987203	-0.0333439661	0.0853910174	0.031589116699999996	-0.0751589123	-0.0701186468	0.0499421209	0.0047876276	0.026176717999999998	0.0568763488	-0.0642157938	-0.09006563109999999	-0.051946158799999996	-0.0321919325	-0.0497426773	-0.024764824300000002	0.0406356576	0.0414083879	0.058400360199999994	0.035469603100000004	0.049501104299999994	0.04924706349999999	0.0027117505	-0.0598120588	-0.015080534	-0.055385909299999994	-0.0144828022	-0.054628314000000004	0.1148902732	0.0104818206	-0.1488464405	-0.0010503976	-0.1093742201	-0.0400986417	-0.0046100193	0.009402380699999999	0.042962586100000005	0.074642273	-0.07814513	0.03914207	-0.0747870662	0.0807058061	-0.008410207900000001	0.0653994641	-0.0187745759	0.0398270101	-0.0655022492	0.0342408545	-0.0161298006	-0.1004559673	-0.0081429151	-0.0817252164	-0.0640894237	0.044879967	0.0017438935999999998	0.0203663742	0.0489070646	-0.0991715693	-0.0386694172	0.014109058	-0.0065289553	-0.0568086071	0.054345534	0.016169538799999997	0.11356948160000001	0.0179056064	-0.0640119274	0.029361786	-0.09015689240000001	0.1041238401	-0.0561813042	-0.027094139500000003	-0.0264705818	0.050720408200000004	0.074359545	-0.0446374663	0.0474438399	-0.1186446204	-0.059727244900000004	0.043579946200000004	0.004833329	0.0406627693	0.0405613531	-0.06407145730000001	0.0961391277	-0.1339495582	0.0352310576	0.045457815199999994	-0.016736169199999998	0.1272763959	0.0027572854999999997	0.11158643480000001	0.0459059092	0.0634211592	0.0	-0.0960030721	-0.0	0.0960030721	0.0	-0.00956242	0.009979279999999998	9.958602931839997e-05	9.14398762564e-05	-0.0413926	-0.0180625	0.00171334733476	0.00032625390625000015	0.0629791	0.035061199999999994	0.00396636703681	0.0012292877454399994	-0.00328036	-0.00040726	1.658607076e-07	1.07607617296e-05	0.000550941	-5.959499999999996e-05	3.5515640249999948e-09	3.03535985481e-07	0.000934956	0.00014559800000000004	8.741427219360001e-07	2.1198777604000013e-08	0.0	0.0	0.0	0.0	0.0	0.0	0.0	0.0	0.0	0.0	0.0	0.0	0.0	0.0	0.0	-0.8125358582	0.1356784106	0.655015081	-0.3564167197	1.266514251	-0.4752424142	0.02740282051	-0.1362538405	1.214892245	0.1426824303	-0.940338671	-0.9734479658	1.366893725	1.337707977	0.3794230016	0.3063567773	-1.509023503	0.1963241136	0.09172018312	-0.3333529248	0.1944447858	-0.6910346687	0.2522021731	-0.83071138	-0.3949625741	0.1825901947	0.1534416331	-1.09689227	-0.06786056266
907.0215178176346	-3.7046168016605634	822688.0337842057	13.724185647145744	669.9826515017631	-1.18897255417437	448876.75331333297	1.4136557345799254	651.8279059169022	-0.7094330235373718	424879.6189320138	0.5032952148853771	1.121842	18.66777	0.08047883	-0.0373785473	0.0980328754	0.0157235051	-0.1132226101	0.0168042845	0.10399239019999999	0.0021748606	-0.0128305282	0.06835136929999999	-0.0540130007	-0.0099294682	0.0404899322	-0.0884263619	0.0067350349	0.0725834339	0.0239902615	0.046565023899999995	-0.0671331954	0.028830938700000006	-0.09166420550000001	-0.0252880819	0.0430763817	-0.1501063788	-0.00689223	-0.0233169056	0.028338450299999998	-0.0294219646	0.0289386167	-0.08655224310000001	0.0711648746	-0.0104867221	0.0486758205	-0.0626977926	-0.057499627699999986	-0.0751337504	0.0404777184	0.008338303100000001	-0.0606444208	0.029521764199999998	0.0033361430999999998	0.06285010349999999	0.1315897549	0.056920249900000004	0.0331349033	-0.0382703935	0.0353234857	-0.0040022179	-0.025000470499999997	-0.0386426599	0.0258170125	0.0653692062	-0.045702489000000006	0.1298476767	0.0075799661	0.0926161991	0.0738735853	-0.019792890900000002	-0.0222715213	0.11712711619999999	-0.05448203099999999	-0.15198243960000002	-0.0072842236	0.0012595705	-0.0015718989999999999	0.0086144837	0.0788523456	0.0623333967	-0.1422745863	0.0274309823	-0.0410783204	0.0508450356	0.006124563299999999	0.060696052300000004	0.0776107161	-0.0458381835	0.0763400202	-0.0754332705	-0.0246684303	0.1145926217	-0.0706569291	0.058348112800000004	-0.0974408383	-0.0965800623	-0.028595053500000002	-0.0364207811	0.07033167230000001	0.0532638257	0.027117915099999997	0.0168004287	-0.0007071233	-0.0939094508	0.0013384878	-0.0718716038	-0.0483911828	0.0299407393	0.0143322298	-0.0545525513	0.1605955075	0.056199615099999996	0.012454982600000001	-0.0345770045	-0.0081648002	0.050550565	0.0957160516	0.0314168193	-0.019630153600000002	-0.0412868915	-0.12754920179999998	-0.0268788246	-0.0174185596	-0.0125750899	-0.0590291372	-0.0263161052	-0.0171612321	-0.0378528105	-0.0947386389	0.0537854558	-0.06057639030000001	0.0087759589	-0.0323819852	0.0804625633	0.0679856712	0.0017703248999999999	-0.0547023284	-0.0228199304	0.1214985	0.0814436905	-0.0321163831	0.133573148	0.0410146745	0.0197721296	0.0176786213	-0.015102542	0.0355457192	0.1337804535	0.0039912172	0.057764234299999995	-0.11147641259999999	-0.11522516740000001	-0.04339839400000002	-0.0342905539	0.0331087865	-0.0831670643	0.05687676410000001	-0.08463532789999999	0.0647199816	0.041857136499999996	-0.1142157534	0.0337913687	0.0661683768	-0.0205317734	0.0518798616	0.0860795949	0.0293318499	-0.0013898248999999999	-0.0959628315	0.0041683097	0.0958421433	-0.0069433001	-0.0238067	-0.01424428	0.0002028995127184	0.00056675896489	-0.0639747	-0.022582099999999997	0.00409276224009	0.0005099512404099998	0.056163300000000006	-0.00681579999999999	0.0031543162668900013	4.645512963999986e-05	-0.00274049	0.00053987	2.914596169e-07	7.510285440099999e-06	0.000731953	0.00018101200000000006	3.2765344144000015e-08	5.357551942090001e-07	0.000919105	-1.5850999999999994e-05	8.44754001025e-07	2.5125420099999977e-10	0.0	0.0	0.0	0.0	0.0	0.0	0.0	0.0	0.0	0.0	0.0	0.0	0.0	0.0	0.0	-0.7710634247	-0.03497499928	1.038242958	0.06756251814	0.8954769835	0.3483200672	-0.2250387136	-0.03068746834	-0.5082565862	0.24130315	0.4955440502	-0.02455526989	0.1591325009	0.04335436007	-0.1916082152	-1.526229377	0.09448673528	-0.1824846537	-0.1564169686	-1.764494904	0.08688347891	-1.599641399	-1.102575482	-2.126685824	-0.06627506119	0.3330536274	0.950734696	0.2223092144	0.4947060184
910.441380144819	3.4198623271844326	828903.506680003	11.695458336895324	671.2108926974245	1.228241195661326	450524.0624756735	1.5085764347195636	651.8134033036581	-0.0145026132440762	424860.71272629726	0.00021032579090725443	1.153702	19.197927	0.08628839999999999	0.0117763962	-0.09257223	0.0412331758	-0.12464062570000001	-0.1526768017	-0.0605503994	0.01331471	-0.089635478	0.0429254867	0.0263452825	-0.0089232421	-0.0287217672	-0.0393170405	0.0686826891	0.0130946137	0.0350380898	-0.076749771	-0.0084829356	-0.0207417095	-0.1601481214	-0.0950825274	-0.0651880735	-0.07720968339999999	-0.1082691552	0.0665326732	-0.0570788209	-0.0024272927	-0.0969815871	0.0168957127	0.0083972681	-0.0018119914000000001	-0.0817011503	-0.0472335367	-0.153182448	0.034736016099999996	-0.044750358600000005	-0.08493027550000001	0.0593595845	-0.0965347637	0.0514856771	-0.0140893332	-0.014971786200000003	-0.1003995625	-0.0163317123	-0.0178719404	0.0466516219	-0.0012555963	-0.0716574658	-0.10315981169999999	-0.1021365339	0.0326801833	0.0926468131	-0.0021978794	-0.0222016708	-0.0388713962	0.0522764291	0.0725193162	0.0779010938	-0.0341440224	0.0343897445	-0.0015003322	0.0223290202	0.0159706451	0.0824434353	0.0074167105000000014	-0.0033644643	0.0226217009	-0.0170571999	0.015550416899999999	0.005632108	0.047521056299999996	-0.0302555246	-0.0260091338	-0.0477245964	0.08554018210000001	-0.0122839708	-0.0735431791	0.0157941367	0.0840064785	0.0022294168	-0.09556067130000001	-0.016449490900000002	0.0460263417	-0.023509861899999998	-0.08961837380000001	-0.0041769253	-0.0120811361	0.009024704100000001	-0.046739004	0.0901650995	-0.028864477200000002	0.0037233415999999996	-0.0042435932	-0.0057839867	-0.0106577663	0.1363564865	-0.14528262220000002	-0.0154153378	-0.0043107457	-0.0467783376	-0.06652969780000001	-0.0082185125	0.043659709000000005	-0.0036905672999999997	-0.0520046625	0.04377014519999999	-0.18230517350000008	-0.013411982900000001	0.0125853263	0.07839785889999999	0.1417079924	0.1487922438	-0.0342784041	0.0869042864	0.0313941364	0.0258954475	-0.0564448045	-0.1008058301	0.0287213004	0.0229639017	0.08510694699999999	0.015240248	-0.1345129257	0.0481089397	-0.0230407633	-0.0435177359	-0.0340770032	-0.0360121457	0.0132975415	0.0237642988	-0.0950476966	0.0375864828	0.0567401502	0.06095486570000001	-0.0195452698	0.0016662532	-0.0039409883	0.0428189563	0.0006987649	-0.11817366730000001	-0.0141165499	-0.006617541899999999	0.029796759300000007	-0.062363713	-0.0260450631	0.013086973600000001	-0.12368950769999999	-0.0736455822	-0.134170694	-0.0482021572	0.1438831244	0.05771878320000001	0.0203060722	0.0078453448	-0.0027793585999999998	-0.0958421433	0.0083287577	0.0953598961	-0.013850234	-0.014856799999999996	0.008949900000000002	8.010071001000002e-05	0.00022072450623999995	-0.0247527	0.039221999999999986	0.0006126961572900003	0.0015383652839999994	0.041536800000000006	-0.014626499999999999	0.0017253057542400006	0.00021393450225	-0.00311782	-0.00037733	1.4237792889999997e-07	9.720801552399997e-06	0.000678615	-5.3338e-05	2.844942244e-09	4.605183182250001e-07	0.000879973	-3.913199999999999e-05	7.743524807290002e-07	1.5313134239999992e-09	0.0	0.0	0.0	0.0	0.0	0.0	0.0	0.0	0.0	0.0	0.0	0.0	0.0	0.0	0.0	-0.5578277774	0.05020274172	1.193617662	0.2916826076	0.4311498506	-1.31825041	-0.5954393714	-0.1528412066	-1.09263499	-0.7755771599	-0.5317389946	0.6857557619	-0.3769182476	-0.4207145047	0.7743913333	0.25318193	-1.201629581	1.035485586	-1.825235188	0.5027295876	-0.6246854589	1.020351614	-0.6457453039	0.01782782253	-0.2241623118	-0.6833560728	-1.14695117	0.9215708722	-0.3681610892
908.1643390733619	-2.2770410714571203	824762.4667645562	5.184916041102588	670.3555590487422	-0.85533364868229	449376.57554755174	0.7315956505681591	652.7631255399099	0.9497222362517732	426099.69806463213	0.9019723260310688	1.4595129999999998	24.286722	0.1087153	0.094942548	0.1153283184	0.041274577400000005	-0.098647891	0.0046845949	0.094141045	0.0093037667	-0.0240999133	-0.051317047000000005	-0.021751708199999997	-0.0354379721	0.0795965862	0.075871701	0.008311278299999999	0.0591229555	0.09504905429999999	-0.0418844779	-0.0166312551	-0.0681200279	-0.0807422438	0.0412067335	0.1306983932	0.0126022775	0.0154219393	0.014682158899999999	-0.0014589851000000001	-0.0461018941	-0.027830747599999997	-0.0725766318	0.0586544767	0.0213753177	-0.024160672	-0.0069630273	-0.0323068186	0.0281477992	-0.0401366252	-0.08681469720000001	0.0770296031	0.0785214273	0.0406800784	0.037882927000000004	-0.06957315900000001	-0.0571410965	-0.0688885961	-0.1556455783	-0.0998819556	-0.0984295381	-0.023487380800000002	-0.0105882445	-0.0244467861	0.10414112960000001	-0.17049580890000002	-0.07620606519999999	0.1163878656	0.0599815641	-0.08825817289999999	-0.07106125070000001	-0.0613313779	-0.008582525799999999	0.10141992779999999	0.0216566635	0.0722448492	0.0074179395	0.06347973309999999	-0.0035694979	0.026148906	0.0197147941	-0.0311063964	-0.0699347934	0.1509541573	0.036584857900000003	0.0594314487	0.0076236465	0.0056752677	-0.1201283577	0.016861519499999998	-0.0335753163	-0.052633352599999995	0.06925777450000001	0.0010376761	-0.0436105402	0.10755281109999999	-0.0774225162	-0.0501268691	0.0164862212	-0.052995742199999994	-0.0007759844	-0.1214506598	0.08635151619999999	0.028966895099999997	-0.055939452599999995	0.0618761718	0.0566730643	0.018843973700000002	0.042227989199999996	0.05389474440000002	-0.0400513483	0.051276790499999995	0.0288285223	0.17465160670000002	0.0887908859	0.0683871966	0.11424423130000001	0.0748747142	-0.0010003571000000001	-0.0377050621	0.017919254199999998	0.053128423499999994	-0.08039490070000001	0.0937439513	-0.0541442676	0.037217282000000004	0.062340991100000014	0.1429084505	0.0075010848	0.0802002142	-0.0354504433	0.0249859128	-0.0755463963	0.0538280012	0.1090424857	-0.0308499666	-0.002413265	0.0919611808	-0.0587598685	-0.1761911773	0.0163492462	0.0362716107	0.0054891897	-0.0520554014	0.13296761810000002	0.0623104825	-0.046526891699999996	9.954360000000001e-05	0.0640573351	-0.1136798968	-0.060687148899999994	-0.09035954789999999	-0.0439646909	-0.0060696907	0.1298660003	-0.0660067981	0.013889500400000001	0.0063758067	-0.09105249130000001	-0.0382056976	-0.0781959835	0.1140946734	0.0526792888	0.0276028474	0.010139475600000001	0.0103052623	-0.0210032404	-0.0836153015	-0.0041683097	-0.0956411086	0.0124734972	0.0945579475	-0.020684626299999998	-0.015162299999999997	-0.0003055000000000002	9.333025000000012e-08	0.00022989534129	-0.0684801	-0.0437274	0.00468952409601	0.00191208551076	0.0604677	0.018930899999999997	0.00365634274329	0.00035837897480999983	-0.00268548	0.0004323399999999998	1.8691787559999984e-07	7.211802830400002e-06	0.000239523	-0.000439092	1.9280178446400004e-07	5.7371267528999995e-08	0.000923571	4.3598000000000046e-05	8.529833920410001e-07	1.9007856040000046e-09	0.0	0.0	0.0	0.0	0.0	0.0	0.0	0.0	0.0	0.0	0.0	0.0	0.0	0.0	0.0	-0.8276275028	-0.1466359854	1.132061757	-0.4651318415	1.50813686	0.5389374061	-0.7387953627	-0.05973851386	2.550704447	0.3489582574	0.4464737061	-1.326753194	1.499144398	0.5920139781	-0.6705968306	-1.230525357	-0.9952194465	-0.6596778084	1.324538582	-0.7192122194	-0.4329937745	-0.8208579535	-0.4873519594	-1.191099684	0.1315604182	-0.456969346	0.6536695906	-0.2999754111	-1.809293201
905.6746902996528	-2.489648773709177	820246.6446493721	6.198351016431611	669.8444403384437	-0.5111187102984331	448691.5742523229	0.26124233601713365	652.2290041232237	-0.5341214166861619	425402.6738195722	0.2852856877628325	1.438733	23.940931	0.06510355000000001	-0.043386889500000005	-0.020910099799999998	0.11063850089999999	-0.1324968976	0.1341906942	0.0943873336	0.0100699733	-0.023309319900000004	0.1344288174	0.0461312362	-0.02823644	-0.0632981467	-0.0318680683	0.0517641393	0.0551135917	0.08299223019999999	0.0399474608	0.0416205211	-0.0451316124	0.040700327599999996	0.1609164032	-0.0548680636	-0.004648427199999999	-0.07218811950000001	-0.08542523619999999	0.0689049287	-0.047713097999999995	-0.0309436558	-0.0604291829	-0.018746520200000002	-0.0515623465	0.0328804755	0.074197428	-0.0150422045	0.0749352923	0.011323399199999999	0.0974455903	0.012781350300000001	-0.0793169876	-0.09758174359999999	-0.011456635900000001	-0.0760031617	-0.0667326543	0.110339028	-0.0099706811	-0.021412359900000004	-0.0540484009	-0.09497033939999999	0.0006759646	0.16923126800000002	0.1796637909	0.0280193572	-0.0264271346	0.0898746125	0.0282210658	-0.0011512507000000002	0.0664115007	-0.04637198519999999	-0.0638858055	0.0164879439	0.0052181410999999995	-0.0498875599	0.1076294637	0.0645620987	0.0007182900999999999	0.0680445655	0.026672982799999998	-0.0172001296	0.0064348075	-0.0283060146	-0.0936421005	-0.0530304234	-0.0473527995	0.05745157610000001	0.041869219	0.0318373563	-0.1740884136	-0.056063654500000004	0.0110670471	-0.0255322623	0.0027079133000000003	0.0676606782	-0.1042555807	-0.0313483453	-0.0511872906	0.1046282176	-0.0090980838	0.0170682552	0.004960914	0.1328050867	-0.027963474199999998	0.0611596629	-0.022181216299999997	0.0504702511	0.08128429690000001	0.028691394500000002	0.1617461333	-0.07343085469999999	0.073728673	-0.0219087098	0.0009907132000000001	-0.0144472089	0.046511783200000004	-0.024737122900000002	0.0488448939	-0.0733820412	-0.0634851329	0.0192129831	-0.030355284700000002	-0.0192751621	-0.1577112938	0.0154540342	-0.0676867528	-0.0248474774	0.0325025501	-0.0274835757	0.0144157696	-0.0811517611	0.0035756603999999997	0.0484748176	-0.1376892322	0.0657199371	0.0508520938	0.0780384837	-0.0790634063	-0.0200714009	0.0275887174	-0.06672946169999999	0.09770818710000001	0.0018569310999999999	0.0525373815	0.11253178130000001	-0.0713429884	0.0730532021	-0.1091244287	-0.0100701743	0.032157771099999996	-0.041434045600000004	0.03726727	0.0181171101	0.013772471100000001	-0.058291637	0.1152322368	-0.0258359262	-0.0810527278	0.005636899	-0.0959301573	-0.0438556978	-0.038202777	-0.0729995729	0.0010387079	-0.0348617187	0.022987525499999998	0.09640746480000001	-0.0055563871999999995	-0.0953598961	0.016594711	0.0934389859	-0.027410681200000002	-0.0281356	-0.012973300000000002	0.00016830651289000004	0.0007916119873600001	-0.055675	0.012805100000000002	0.0030997056250000004	0.00016397058600999998	0.038774800000000005	-0.021692899999999998	0.0015034851150400007	0.0004705819104099998	-0.00268548	0.0	0.0	7.211802830400002e-06	0.000586357	0.000346834	1.2029382355600002e-07	3.4381453144899997e-07	0.0009177600000000002	-5.810999999999881e-06	8.422834176000005e-07	3.376772099999861e-11	0.0	0.0	0.0	0.0	0.0	0.0	0.0	0.0	0.0	0.0	0.0	0.0	0.0	0.0	0.0	-0.5815155031	0.05480489335	1.40437424	0.366836178	0.640749483	-0.3366160381	-0.2800677258	-0.2665887661	-0.624987613	-0.1391061261	0.643198235	0.4393420198	-0.4354085496	-2.124380478	-0.016266691	1.34754088	0.1744875573	-0.5878122958	-1.424700776	-0.3974770457	0.6159911721	-1.129946546	-1.367799475	-0.8515037798	-0.1378482723	0.7231566114	-0.4197107597	1.247636008	0.4182453477
910.9907312973147	5.316040997661958	829904.1125096163	28.260291888822746	671.6066146023718	1.7621742639280455	451055.4447776587	3.1052581364503493	653.8361441670005	1.6071400437767809	427501.7034191706	2.582899120310832	1.189632	19.795815	0.07515340000000001	0.042413759100000004	0.0092816663	0.0365079471	0.08680733339999999	0.0862049706	-0.012882682	0.0537155958	-0.024283386299999998	-0.0526573153	0.043352547000000005	-0.052543792699999994	-0.022779990299999997	0.11580529869999999	0.0058228351	0.005050488	0.10891065800000001	0.15306440470000002	-0.0317059765	-0.018515620400000002	0.0307428237	0.0269690608	-0.10470214380000001	-0.0755301727	-0.0543521908	-0.060333671100000014	-0.061049502	-0.0853594389	-0.1466661895	-0.013134836100000002	0.0195461638	-0.058452464100000004	0.0008630488	-0.0490338938	-0.0167214365	-0.0921426822	0.022135642999999997	-0.026324692099999998	-0.0326577118	-0.0145066058	-0.0328033326	0.0024236351	0.05148675	-0.0671246172	0.0182788012	0.0223268354	0.02963358	-0.0329446126	0.034512925800000004	0.005002674699999999	0.009151190200000001	-0.0915733313	-0.0498285905	-0.1128939566	0.058147758099999995	0.11855753050000001	0.0047521324	0.050462670599999995	0.0186918922	0.0070140073	-0.005264057900000001	0.0066232061	-0.10292548189999999	-0.057623096	0.0305295875	0.0599633454	-0.0644209535	-0.17940637690000005	0.027154253399999998	0.0722266699	-0.056767621399999996	0.0539851663	-0.0523962967	0.0637779295	-0.0078809534	-0.0235669166	-0.06496974059999999	-0.0020771064	-0.0516462233	-0.08415865609999999	0.1348268655	0.0285297023	0.0123390123	0.0337599624	-0.053835861799999996	0.00141554	-0.050881587699999994	-0.020751531299999997	-0.0883883892	0.1049056353	0.0404501772	0.0449053925	0.049170770700000005	-0.0715277403	-0.013078031799999999	0.12605646880000002	-0.026355704599999998	0.0522604095	0.0043743859000000005	0.0027097565999999996	-0.0966907067	-0.1178432108	0.022684130499999997	0.12125810349999999	-0.0300725426	0.0188527754	-0.0514044837	-0.0034955902000000003	-0.0486134925	-0.0134611401	-0.0397441486	0.010923811499999998	0.0595991459	0.0733033267	0.0421253066	-0.0153612698	-0.1379516268	-0.0511339103	-0.0161210749	0.0071961903	0.0234317109	0.1158419883	0.013027772	0.0420702018	0.012308858999999998	0.0320050693	-0.0422002638	0.0813232362	-0.0232867925	-0.0211664046	0.09134150199999999	0.0971628872	-0.0229991452	0.0577712883	0.0348628508	-0.1341930209	0.0375664351	-0.0616826021	-0.0358705523	0.0197246009	-0.0417646184	-0.0320073833	0.06678029769999999	-0.0015301651999999998	0.1087133792	0.1590461521	-0.1051376821	-0.1430869639	-0.021369226600000003	-0.0462719114	0.0329897536	-0.0508977005	-0.041638114	0.041039789199999996	0.0281280972	-0.0069433001	-0.0949987415	0.020684626299999998	0.0920067629	-0.0339931704	-0.0191335	0.009002099999999999	8.103780440999999e-05	0.00036609082225	-0.036875	0.018800000000000004	0.001359765625	0.00035344000000000017	0.0437177	0.004942899999999993	0.00191123729329	2.443226040999993e-05	-0.00320048	-0.0005149999999999998	2.652249999999998e-07	1.02430722304e-05	0.000488769	-9.758800000000003e-05	9.523417744000004e-09	2.38895135361e-07	0.0011533400000000005	0.00023558000000000034	1.3301931556000013e-06	5.5497936400000144e-08	0.0	0.0	0.0	0.0	0.0	0.0	0.0	0.0	0.0	0.0	0.0	0.0	0.0	0.0	0.0	-0.6903048678	0.07664117147	1.00696303	-0.02261920966	0.6274044717	-0.8803787161	-0.6672601287	-0.2257067674	0.9984329266	-0.2113101198	-1.017226645	-0.9583481952	1.442103601	-0.1439667464	0.7063517728	0.1281258177	-1.144906756	-0.3484282551	0.4075286823	0.513229841	0.5465408877	-0.9668323903	-0.03364849093	0.4789079278	-0.8741665582	0.2105234	-0.935465275	-0.5635730693	0.2472317915
912.0730206504744	1.0822893531596949	831877.1949984806	1.1713502439628305	670.7664824952715	-0.8401321071003167	449927.6740390794	0.705821957380818	653.4745114920264	-0.3616326749740893	427028.9371697426	0.13077819160891527	1.19526	19.889471	0.05484	-0.1254266133	0.092034949	0.0312827227	0.0938308259	0.033489144500000005	0.1178818459	0.0807650197	0.0607643573	0.0500407685	0.023674599100000002	-0.0245664715	0.0017564079	0.0323107086	-0.0187336808	0.0664343119	0.031000945499999998	0.0220244834	-0.1524551907	-0.09299072	0.0411392316	-0.0270560947	0.0011281935000000002	0.0432353974	0.105695018	0.004288227800000001	-0.0034396407	0.022991249	-0.084813615	0.045465983	-0.0511424165	0.0398046198	0.08619172189999999	0.1314303074	-0.0262660859	-0.023450027999999998	0.0773341566	0.027050768700000002	-0.021938755499999997	0.015491456499999999	-0.1500427932	0.0013685819	0.009596045400000001	-0.08995014039999999	0.134094042	0.1068756698	0.09142008609999999	0.0418934516	-0.061398781799999996	-0.0101917335	0.055557587	-0.1173438245	-0.024969179900000003	-0.0376842687	0.088327702	-0.0050923965000000005	-0.1347168951	0.0899746801	0.0680120716	0.021893117599999998	0.07562046830000001	0.0096014051	0.08137950740000001	-0.0390897664	-0.039272218399999996	0.0212186604	0.0880198781	0.0696633645	-0.019178325700000002	0.0728739515	0.0900077556	-0.1115723744	0.007296294799999999	-0.0029623192	0.15926371150000002	-0.0152602865	-0.0049143953999999995	-0.011159889199999998	-0.0377331291	-0.056968333499999996	0.058184781399999996	0.0979065648	-0.0787705109	-0.09662759060000001	-0.069031943	0.0734739416	0.0907477389	-0.0287443009	-0.022651112200000004	0.0947989639	0.0166518673	-0.0070352653	0.0965623688	0.0547067281	-0.09451415310000001	0.1013195431	-0.0384520351	-0.0239374802	-0.0342873263	-0.0778988487	0.0013159671	0.0030943496000000003	0.055334050999999995	-0.0137739434	-0.0794540356	0.027031591299999998	-0.0165026578	0.0970121667	0.0320327546	0.0088604402	-0.0293875021	-0.012175591000000001	0.012711296399999999	-0.1528808457	0.0738247771	0.0339535379	-0.0700608461	0.0056208266	-0.0185911622	0.0250691325	-0.0007167934	-0.1261997706	-0.0679824481	0.050168179400000006	0.0591402718	0.23106533280000002	0.0378759341	0.0633213301	-0.04872982519999999	-0.0284003663	0.0905944223	-0.0384623081	0.0272479404	-0.0668660486	-0.0164348424	-0.0552334018	-0.1653887823	-0.0348015827	0.045839229800000006	0.024659323700000003	0.0796443739	0.044783461	0.0861492336	0.000265979	0.048080471	-0.12490209390000001	0.1348991965	-0.09348756400000001	-0.0681308857	-0.1650211241	-0.092505376	0.0121530206	0.033260473	0.005928155300000001	0.0274581056	-0.0083287577	-0.0945579475	0.0247355292	0.09026608	-0.0403976177	-0.0222978	-0.0031642999999999984	1.001279448999999e-05	0.00049719188484	-0.06397070000000002	-0.027095700000000018	0.004092250458490002	0.0007341769584900011	0.0551433	0.0114256	0.00304078353489	0.00013054433536	-0.00311078	8.969999999999985e-05	8.046089999999972e-09	9.6769522084e-06	0.00049169	2.9210000000000217e-06	8.532241000000126e-12	2.4175905610000005e-07	0.0009828730000000002	-0.00017046700000000032	9.660393341290005e-07	2.9058998089000113e-08	0.0	0.0	0.0	0.0	0.0	0.0	0.0	0.0	0.0	0.0	0.0	0.0	0.0	0.0	0.0	-0.8462943355	0.05659364789	0.4798084411	-0.4001985962	1.477973844	0.5881534622	0.3313089927	-0.008466932382	-0.5439820726	0.03007675597	-0.8084311787	0.09151205614	-0.2354896981	-1.757045386	-0.1620643643	-2.146125685	-0.3010627958	-1.069501154	-0.8403573766	-1.246705253	0.9794420137	-0.8320625609	-0.1654313356	-0.8857769657	0.02561575555	1.470584703	0.4795933672	-1.428146779	-1.419578142
909.5415934539204	-2.5314271965539774	827265.9102226967	6.4081236514531295	670.1638734715863	-0.6026090236852042	449119.6173064403	0.36313763542683497	653.3629858168127	-0.11152567521367017	426883.19123546063	0.012437976231865048	1.314157	21.867949	0.04573015	0.1140422301	-0.01141431	0.071867776	0.08468194859999999	0.0082462777	0.08668133380000001	-0.0525236952	-0.0936197101	-0.0805029396	0.0644834443	0.0002614117	-0.062497291600000004	-0.013979333200000001	0.0833493475	0.0339185505	0.036329315099999995	0.0319115652	-0.0959204229	0.0295358158	0.0580127592	-0.050703574800000005	-0.0007742332000000001	-0.0099378271	0.0643784624	-0.0399678898	-0.0987926566	0.0594627124	-0.0368182473	-0.1810369036	0.029118936800000002	-0.0361355403	0.0550700067	-0.0033804389000000002	0.08518649119999999	0.0395895137	-0.060585580599999994	0.00023728560000000002	-0.0353977299	-0.0909316032	-0.160812064	0.05629832730000001	0.0010065717	0.0637312319	-0.09739276	0.2158545163	0.0588555333	0.030904006499999997	-0.0488599458	-0.0501190753	-0.0032914415	0.014383138500000003	-0.10882843140000001	0.029646383999999998	0.029650563799999998	-0.0139212743	0.0023993467	0.0384703874	0.09731570310000001	0.0284354446	-0.0680584725	0.0874840794	0.06214466730000001	-0.0749116851	0.0400161099	0.0074380978000000006	-0.037747895499999996	-0.0720046818	-0.05588644190000002	-0.11273151140000001	-0.031223550099999997	-0.0130832809	-0.0780923469	0.045877576600000004	-0.08954399689999999	-0.10255882289999999	-0.061672264000000004	-0.0957845235	0.018878033500000002	-0.0358180487	0.053481491500000006	0.0038843619	-0.0858727483	-0.10031045460000004	-0.0126836749	-0.034598968199999997	-0.0936379503	-0.0237828701	-0.008598794	-0.0243368455	0.10743396570000001	-0.0161405247	0.0091173547	-0.0055082274	-0.06910748559999999	0.017083101	-0.0555727662	-0.0042345229	0.0163588028	-0.0314630279	0.0364925486	-0.1281536365	0.0793716854	0.0756637605	-0.0405932994	0.09275875199999999	-0.0016193991000000001	-0.0025754873	-0.08231693150000001	-0.068663337	-0.007739873299999998	0.0605224859	-0.0627225452	-0.0661204976	-0.13426977439999999	-0.0770008447	-0.0208614024	-0.0263940786	0.1016174891	0.1229256168	-0.1306155501	-0.1083277357	-0.1130899318	-0.1322482357	0.021504859700000004	0.0038909334	0.0401450063	0.0869683862	-0.057393071500000004	0.0240705183	-0.0066516914000000005	0.012939855600000001	-0.019462660700000002	-0.0378478679	0.18675598489999998	-0.009310603399999999	-0.027353193900000003	-0.0593075771	-0.0558442697	0.04195302730000002	-0.0311250413	0.0769796654	0.10276896699999999	-0.029555076899999998	0.1078563459	0.048573331399999996	0.0199618609	-0.0859396678	-0.024625372799999996	0.07915876690000001	-0.0490843556	-0.1480000912	0.0157980626	-0.0452465384	-0.0444133378	-0.0097124697	-0.0940378836	0.028739779500000007	0.0882227731	-0.046590479299999994	-0.023251	-0.0009531999999999977	9.085902399999958e-07	0.0005406090009999998	-0.0639568	1.3900000000025007e-05	0.004090472266239999	1.932100000006951e-10	0.0307158	-0.0244275	0.00094346036964	0.0005967027562499999	-0.00282414	0.00028663999999999984	8.216248959999994e-08	7.9757667396e-06	0.000546878	5.518799999999996e-05	3.045715343999996e-09	2.99075546884e-07	0.00091799	-6.488300000000017e-05	8.427056401000002e-07	4.209803689000022e-09	0.0	0.0	0.0	0.0	0.0	0.0	0.0	0.0	0.0	0.0	0.0	0.0	0.0	0.0	0.0	-0.6623140403	0.2626574715	1.696804415	-0.1720243278	1.043977092	0.153934885	1.155591681	0.08670025529	0.4828357069	0.0889784069	0.7263938756	-0.4735170516	1.226146607	0.4793263041	-0.2913590893	0.5914554336	0.2146629545	-0.2665906149	-0.7021407507	-1.083990516	-1.839646186	-1.715235918	-0.6712544277	0.9423671992	0.1497049136	0.1451832917	-0.191697239	0.009096472277	-0.03101590242
911.0604790284517	1.518885574531282	830031.1964475521	2.307013388519223	671.9342949532662	1.7704214816799322	451495.69673434296	3.1343922227937666	652.8875044439769	-0.4754813728358158	426262.093459084	0.2260825359138321	1.313643	21.859396	0.07284359999999998	-0.0684723112	0.026473509	-0.0611850055	-0.0784483393	-0.052438679800000006	-0.032876833	0.0714177272	-0.030370827799999996	0.057135247800000004	-0.1075514858	-0.0574773561	-0.027632995299999998	-0.0230056167	0.028384266000000002	0.0402025153	0.0812033016	0.029790394300000002	-0.059117508	0.0485594292	-0.0276620309	-0.11251100050000001	-0.0440429101	-0.0131559375	-0.0240846448	0.0140482283	0.1016728224	0.0122235333	-0.0518149809	0.0870117543	-0.0595404007	-0.10807275220000001	-0.005410895	0.0021067045	0.0026564863	0.0382209711	-0.0418306942	-0.0030765905	-0.0010153782	-0.0072564056999999986	0.0010160031	-0.0212000036	0.0371300054	0.0240302304	-0.11845398019999999	0.0850486773	-0.055172068	-0.0305323092	-0.0363018911	0.20266802260000005	-0.033812993900000005	0.101032162	-0.0761056838	0.0757823235	0.0123030884	0.07639801730000001	0.09502081150000001	-0.0559050041	0.14774439039999998	-0.0581695786	0.0511048137	0.0434435879	-0.050439952	-0.1914644298	0.0035364858	-0.11371547789999999	-0.0408875934	0.0380977843	0.0934032241	-0.14312199720000002	-0.1445651565	0.0737956536	-0.0757865306	0.1182704401	0.0379468008	0.0487477528	0.0618534409	0.0096018461	0.0362155161	0.0632608561	0.082075606	-0.0403834121	0.0164404197	0.051955124500000005	-0.0700863446	-0.0414419638	0.0744162543	0.1000500264	-0.035419345899999996	0.0351944751	0.0565458055	-0.0177349219	0.0393672695	-0.0457089825	-0.010561616000000001	0.0005681007	-0.080868748	-0.14274567970000002	-0.0124068734	-0.0390500652	-0.08182153959999999	-0.0557827378	-0.0652565105	-0.1002867424	-0.0463128203	0.0359732479	-0.0931800461	-0.0898967633	0.005588128	-0.0720823537	-0.0070269378	-0.0374557218	0.006661564399999999	0.0833931022	-0.007590502099999999	-0.075448424	-0.0137665771	-0.0564046038	0.1965749661	0.1081756813	-0.1105542286	-0.0015751957000000002	0.1452218805	-0.009322363699999999	0.0340455064	-0.0515922971	-0.0934666867	-0.0613847047	0.002427727	-0.0200847527	0.011764228600000001	-0.0011849503999999999	0.0696406376	0.1730606727	0.0180677577	0.0355010978	-0.0538353625	0.1314328948	-0.0012832181	0.024987352799999998	-0.0143948564	-0.0070102738	-0.0535542808	-0.0404046744	0.08871766119999999	0.104244346	-0.0413107623	0.0274120073	-0.0686059601	0.1253548434	-0.0183344884	0.0436657652	0.0688162155	-0.140984545	-0.1708234589	-0.0110941461	-0.0934389859	0.032689825	0.0858836924	-0.0525393196	-0.025929	-0.0026780000000000037	7.171684000000017e-06	0.0006723130410000001	-0.0234298	0.040527	0.00054895552804	0.0016424377289999993	0.040731300000000005	0.010015500000000005	0.0016590387996900007	0.00010031024025000009	-0.00297428	-0.00015014	2.25420196e-08	8.8463415184e-06	0.000492536	-5.434199999999998e-05	2.953052963999997e-09	2.42591711296e-07	0.00110597	0.00018797999999999992	1.2231696408999998e-06	3.533648039999997e-08	0.0	0.0	0.0	0.0	0.0	0.0	0.0	0.0	0.0	0.0	0.0	0.0	0.0	0.0	0.0	-0.5199605633	-0.127110862	0.8428672773	0.1836690407	0.4777742309	-1.339247329	-0.1033851018	-0.3376090117	-0.9338991425	-0.6433482922	-1.189383119	1.174716354	-0.4746230285	-0.8192449892	1.326599636	-1.216813871	-1.166331544	0.1086770386	-0.5904884385	1.000065257	0.6158627236	-0.2842580173	-0.9076285837	-1.597272641	-0.760632402	0.5671614752	-0.95399298	0.7453498067	-0.3111418041
910.5753461099507	-0.4851329185009945	829147.4609432565	0.23535394861329256	671.2719478060593	-0.6623471472069014	450606.02791134076	0.43870374341312063	653.8876691160732	1.0001646720962754	427569.0838220512	1.0003293713094499	1.206587	20.077948000000006	0.08604254999999998	0.0311751815	-0.0027248415	0.0843494561	0.0074354031999999985	-0.1452907696	0.046753254	0.0340435457	-0.044296534400000004	-0.0568612759	0.0803678097	0.0707636062	-0.0561615507	0.002124411	0.0355422875	0.034957696499999996	0.08569858	-0.073918589	-0.1421144799	-0.0174962015	0.009560934699999999	0.0148206832	0.039635029	-0.0386435254	-0.0784550507	-0.050220735700000005	0.0849699824	-0.0193204244	0.0270823481	0.0661280134	0.0143521349	-0.015811551899999998	0.047758623300000004	0.0569326553	0.0050566498	-0.0258736552	-0.0301059965	0.11723784890000001	-0.13077110150000001	-0.0110214625	0.1176799557	-0.059681899800000014	-0.050253825599999996	0.0600286238	-0.0460436028	-0.039191168900000004	-0.1067889693	0.0038603771999999995	0.06382600940000001	-0.014293403100000001	-0.0063338990000000005	-0.004069950300000001	-0.0439395596	0.051941913	0.2224709063	-0.16226607939999999	-0.06647356480000001	-0.0134558118	0.0268798359	-0.0592723594	0.0231858135	0.045399217699999994	-0.025783608	-0.0654982276	-0.0840324348	0.053883836399999996	-0.0334814886	0.010841337	0.0047752368	0.008303871800000001	-0.051889757599999996	0.008379165	-0.0675572212	-0.0384938934	-0.0033151625	-0.029227279	-0.0770178646	-0.06361492190000001	0.048432965	0.0011073639	0.023559393900000003	-0.0964736861	-0.038204505	-0.0387740379	-0.0578063029	0.0038082864000000003	-0.0949154285	-0.0741671288	0.0206360747	-0.0385161336	0.1021616452	-0.09285810189999999	0.0832580163	0.1042091003	-0.0300926317	0.051793911799999995	-0.0662603167	-0.050080283600000004	0.0264056407	0.06086281950000001	-0.0595127741	0.0034338373	-0.06275903669999999	-0.1242743092	0.0684142135	-0.0100021996	-0.14325027869999998	0.061682637199999994	-0.0502035715	0.0711956206	0.0158756107	-0.10989471710000001	0.0326313025	0.1352767553	-0.1020820866	0.0851138817	0.0649973444	0.027477521499999998	-0.0022353721	0.0119753383	0.024732404	0.0159713054	-0.053865215	0.0394468314	-0.0138199329	-0.0202502865	0.060063171	-0.09574919	-0.0566250497	-0.041362337799999996	0.1263990552	0.037251654	0.030078186099999998	-0.05700279990000001	-0.0011731315	0.017549503	-0.0212624648	0.0060992002	0.024126521	0.1708094852	0.070688754	0.0748745613	-0.0510809056	0.035316423900000005	0.0547883126	0.0615650693	0.0864424033	0.0250673009	-0.030914480499999997	-0.028620660099999997	0.13192492320000002	-0.1080837196	0.0275987036	0.08586684650000001	0.0801598989	-0.0124734972	-0.0927617564	0.0365782156	0.08325668	-0.058212980899999996	-0.0200786	0.005850400000000002	3.4227180160000026e-05	0.00040315017796	-0.0639659	-0.040536100000000005	0.004091636362810001	0.0016431754032100005	0.054273	0.013541699999999995	0.002945558529	0.0001833776388899999	-0.00314966	-0.00017537999999999972	3.0758144399999904e-08	9.9203581156e-06	0.00066517	0.00017263399999999996	2.9802497955999985e-08	4.424511289e-07	0.0009316970000000002	-0.00017427299999999975	8.680592998090004e-07	3.037107852899992e-08	0.0	0.0	0.0	0.0	0.0	0.0	0.0	0.0	0.0	0.0	0.0	0.0	0.0	0.0	0.0	-0.7266910822	0.09528473643	0.9028938583	-0.557511667	1.721702136	0.7666689052	0.0282211197	-0.08977354876	-0.1127988561	0.8617906149	-0.1444324819	-0.4366101899	0.3724530431	1.352734848	-0.5204436989	0.2275223858	-1.376276396	-0.4456173327	-1.108329361	-0.9005782078	-1.000252097	0.07142633119	-0.586531655	-0.06576130521	0.1361193779	0.6615979701	-0.7766918478	-0.7763636992	-0.685391492
908.9259468489264	-1.6493992610243138	826146.3768552174	2.720517922267553	670.7368663910172	-0.5350814150421002	449887.9439360413	0.28631212072345624	652.9477436006988	-0.939925515374398	426340.7558732439	0.8834599744518276	1.179768	19.63168	0.08403615	0.0236190817	0.11183742349999999	-0.0157985274	-0.0818954404	-0.0174255327	0.10285405789999999	-0.0145827626	-0.0217116166	-0.0185310148	-0.1052579693	-0.0404218785	-0.048421012400000005	-0.0960697767	0.0196061299	0.035712821	0.11850016470000001	-0.062826584	-0.0326653045	0.0242602248	0.0164405559	0.010403921	-0.0166662075	0.0748603118	-0.028348761899999998	-0.061534943499999994	-0.0238299121	-0.0082724146	0.07747632089999999	0.0799219368	-0.0050825838	-0.0629907509	0.06464670559999999	0.0440401032	-0.0851456293	-0.040751958	-0.0512522179	0.075541508	-0.0350326834	-0.0073988054000000015	-0.0703032976	0.042497721100000004	0.0177825082	0.1008157703	-0.0124639345	0.027930921400000003	-0.0035817691	0.035349036800000004	-0.0941355133	0.09739863480000001	-0.0844377548	-0.0379271106	0.09147381	-0.024592367200000003	0.0757283249	-0.0439768108	-0.1462538093	-0.07120126	-0.0653144263	-0.0781959295	0.092597186	0.10020481279999999	0.0148468834	0.0429198404	-0.009223857299999999	0.15065502390000002	-0.0117736504	-0.075596605	0.023064509599999998	-0.0523712273	-0.09028319619999996	0.0882296206	0.19802060059999999	-0.0344092333	0.0236957341	-0.0951237633	0.0815615384	-0.0193901958	0.0077826879000000015	0.07178514679999999	-0.0010684695	-0.016383591	0.043878502	-0.09144011769999999	-0.027112605	-0.014064028899999999	-0.0026533888	0.12761315310000002	0.051984528700000004	-0.0104616503	0.0807249966	-0.0763403315	0.1292227704	0.0147334818	0.027266379599999998	-0.017637351399999997	-0.0291894236	-0.0141486506	-0.091231115	-0.0023603981	-0.1196042263	0.0239579505	0.026121117200000002	-0.0855194982	0.0500970254	0.008656577	-0.0407253363	-0.0075290183	-0.0173423294	-0.1009817579	-0.0033290372999999996	0.0700468506	-0.0678481836	-0.027313995499999997	-0.018386719	0.068082819	0.0056189581999999995	0.1345946609	-0.00047100690000000003	0.09805687449999999	0.0380810985	0.06407739330000001	-0.0586916193	0.062729692	0.0814821198	0.0597614136	0.024109226	-0.0503065113	0.10641962810000001	0.0137912439	-0.0737430084	0.1085284563	-0.057685118099999995	0.0060690358	-0.043733409400000006	-0.1392430155	0.0725015604	-0.0596755469	-0.0382982546	0.098740476	0.0042804851	0.0086093124	-0.1540690791	-0.039397451	-0.0271693068	0.07871484940000001	0.1229343496	0.0774367915	0.10358254230000001	-0.0253240127	-0.1416751927	0.0442579566	-0.1209444312	0.0018465228	0.0107712014	-0.013850234	-0.0920067629	0.0403976177	0.080350543	-0.0635817472	-0.0229179	-0.002839300000000003	8.061624490000017e-06	0.00052523014041	-0.0495296	0.014436300000000006	0.00245318127616	0.0002084067576900002	0.0186504	-0.035622600000000004	0.00034783742016000004	0.0012689696307600002	-0.00266197	0.0004876899999999998	2.3784153609999987e-07	7.0860842809e-06	0.0005354919999999999	-0.00012967800000000004	1.6816383684000012e-08	2.867516820639999e-07	0.000926306	-5.391000000000206e-06	8.580428056359999e-07	2.906288100000223e-11	0.0	0.0	0.0	0.0	0.0	0.0	0.0	0.0	0.0	0.0	0.0	0.0	0.0	0.0	0.0	-0.5171075802	0.186487693	1.111601058	0.462645548	0.7630180539	-0.03325300117	0.123802531	-0.2824934589	-0.08767058993	-0.7986212084	-0.1063312228	0.5697186272	-0.9985301447	0.9137881352	-0.5990903997	-0.3800359896	-0.2358849899	-0.2113916684	1.433408941	-0.399979224	-0.7473948722	-1.703424198	-1.074448924	-1.806308833	-0.4043090771	0.6135873796	-0.0439250035	0.6653239862	-0.04450830814
912.1641549552104	3.238208106283992	832043.4455851532	10.485991739603355	672.144892115433	1.4080257244157792	451778.755996867	1.98253644061658	653.5970068900788	0.6492632893799737	427189.0474156697	0.42154281893650347	1.087381	18.094326	0.07732921000000001	-0.0153787161	-0.07753256809999999	0.0617310073	-0.0770098395	-0.051803803899999994	-0.0597538203	0.0700042954	-0.0470085645	0.0311088569	0.0324796302	-0.045456594	-0.0704726698	-0.021140822200000003	0.0207022828	0.0767328947	0.12902109009999999	-0.0744474002	0.0495074566	0.0550091785	-0.0874375475	-0.0628214635	0.035725725	-0.0386559229	-0.14978047630000002	0.0496424922	0.047137377300000005	-0.094957689	0.0023951304000000002	0.0850401692	0.0504047396	-0.0505791781	-0.051222550199999994	0.11678612210000001	-0.0330132145	0.0114015946	0.0972154886	0.10563192119999999	-0.025374707200000002	0.1892552659	0.053585630999999995	0.0604960808	-0.0435391812	0.1034202382	-0.0528925763	0.023523868	-0.004839854199999999	0.0050103144	0.0407346156	0.064609239	-0.0078410552	-0.013542329799999999	-0.0403372854	-0.09303478230000001	0.0531896085	0.0938315975	0.1145114168	-0.0909845331	0.0360013535	0.0480766108	0.007544476899999999	-0.0292745472	0.015646754199999998	0.0777052531	0.0253913148	0.045858212300000006	-0.0031814516	-0.0598533197	-0.17534220539999998	-0.0287904986	-0.0265766375	-0.09075846380000001	0.1237353054	0.043288546799999994	-0.011344850600000001	0.0869432409	-0.044631957800000004	-0.0574621446	0.0070694063	0.0395756901	0.025742908399999997	-0.0644189138	0.1139021626	0.0706057958	-0.06147086440000001	-0.052353769800000005	0.021158724900000002	0.000850143	0.0326069361	0.012554658799999998	0.14383046630000001	-0.0720764534	0.0576496445	-0.0306930082	0.08742061279999999	-0.0651089458	0.0062943364	-0.1474867723	-0.059759445	0.10245002130000001	-0.0531653088	0.0494867118	-0.0438394078	0.0803366831	0.041448754500000004	-0.0581977213	-0.11055767300000001	0.0369955524	0.0789863156	0.024594667200000003	-0.1123061433	-0.1274639961	-0.0305934767	-0.060201887999999995	-0.0127144205	0.0404998132	0.0358530908	0.0587189001	0.16385452650000001	-0.07547550389999999	0.0206643943	0.153033474	0.014053543100000001	0.057606108899999994	0.0044477658000000005	-0.0200158271	0.0542200825	0.0081517884	0.0159425279	0.0028293662	0.0536116171	0.05835671	-0.0885040797	0.0426506779	0.0040232843	0.0822140045	0.0053589273	-0.1224818156	-0.0681726391	-0.2009938611	-0.0944843794	0.1195197543	-0.016890941200000002	-0.0443919888	-0.0239900837	-0.0504690979	0.0522626573	0.0197951157	0.1431206301	0.0413434644	-0.1780870913	0.0392191011	-0.0005791387999999999	-0.0339233979	0.022816166800000003	-0.0152240679	-0.0911746382	0.044140827699999996	0.0771750246	-0.06861749889999999	-0.0188682	0.0040497	1.640007009e-05	0.00035600897124000004	-0.00689509	0.04263451	4.754226610810001e-05	0.0018177014429401	0.0186703	1.989999999999978e-05	0.00034858010209000005	3.960099999999912e-10	-0.00313412	-0.0004721499999999997	2.2292562249999976e-07	9.822708174399996e-06	0.000489464	-4.602799999999993e-05	2.1185767839999936e-09	2.3957500729600003e-07	0.00102063	9.4324e-05	1.0416855969e-06	8.897016976000002e-09	0.0	0.0	0.0	0.0	0.0	0.0	0.0	0.0	0.0	0.0	0.0	0.0	0.0	0.0	0.0	-0.61297128	0.3156952368	1.131437497	0.1698744408	0.7689422997	-0.9470603721	-0.3136018291	-0.2171510281	-1.013296744	0.3531946973	-0.5747357864	0.1220601725	-0.5814321135	0.04156042351	0.849126122	0.6129021378	-1.141676997	0.2256194714	-0.1019867623	1.067739663	0.5911947328	1.121263055	-0.5058140762	0.3297062862	-0.7190531597	-1.324268631	-1.65130217	0.5168811174	0.3189038805
910.3697014781727	-1.7944534770376777	828772.9933694573	3.220063281252611	671.0843497009928	-1.0605424144401925	450354.2044136044	1.1247502128266325	653.4684453961584	-0.12856149392041516	427021.009128472	0.016528057719048944	1.233427	20.524584	0.10897181	0.010138592	0.1309196969	0.0310253043	-0.013829886999999999	-0.0078035213	0.10603671449999999	0.046516927199999995	0.0222692184	-0.019694446299999998	-0.0326604377	-0.05307614099999999	-0.0067500157	0.0381983356	-0.030643959300000002	0.0534556408	0.10103671789999999	-0.0786721606	-0.1141854023	-0.020926327800000002	-0.0436189876	0.0799752591	-0.00019318700000000002	0.0705468477	0.1098572135	0.053066035899999996	0.0269522996	-0.0288999642	-0.04420779230000002	0.1428774287	0.0026888492999999998	0.0273904886	0.058050414400000014	0.0015500357999999998	0.0801161049	-0.0933980337	-0.0834599259	-0.0044997972	0.1081309718	-0.0457374199	6.52621e-05	0.1062590739	-0.043754386799999996	-0.0741151115	0.0068295558	0.1033767022	0.0543715208	-0.0727751376	-0.0047824386	0.06617334230000001	0.039628695299999996	0.0121531267	-0.035420011	-0.022237631400000003	0.046629208899999997	-0.0624661803	-0.0319339723	0.0636206579	0.06241004190000001	0.0687207685	-0.1618237023	-0.0644284976	-0.1171539902	-0.0131384054	-0.060383837	0.0130324871	0.0063386575	0.0674088177	0.043983680899999995	-0.0883517511	-0.0556456904	0.08854548029999999	0.021323542	0.0518157844	0.0708765666	-0.096226583	0.0234671809	-0.0051378139000000005	-0.058051933	-0.0032567347999999997	0.033814203	-0.0174728147	0.054063805	-0.0778802083	-0.0699938501	0.0454978509	0.0057017776	0.021255854100000002	-0.014739845	0.1111823768	0.045182182	-0.0043771402	0.1249967893	0.0693711893	-0.0603121853	-0.014107928700000001	-0.0312134232	-0.0158829602	-0.0070037687	-0.139753598	-0.0050371725	0.1137066068	-0.0651818246	-0.0358200808	0.003734435300000001	-0.0569257952	0.00014157729999999998	0.0584332532	0.0903241589	-0.0240903354	-0.0531470673	0.0685701262	0.10132149789999999	-0.0397764783	-0.0556701322	-0.17609712800000002	-0.006397604300000001	-0.0640880834	-0.027105718799999998	0.08730406019999999	-0.019371236	-0.0402444577	-0.0452502125	0.0987322496	0.0960481918	-0.1214414973	0.0324332249	0.024176027200000002	-0.06210369690000001	0.0567513663	0.1138485914	0.0337952365	-0.030028300600000002	-0.0519892194	-0.054829762000000004	-0.0780501421	0.0197642913	0.0993493597	0.041079934500000005	-0.0318339987	-0.1209826867	-0.09544205859999999	-0.0261814386	-0.0194975267	0.0348020328	-0.1260040293	-0.043834631	0.09440028060000001	-0.0181606831	0.0025993226	0.0460739901	0.1051433784	0.023246862599999998	-0.1075724085	-0.0815772105	-0.016594711	-0.09026608	0.04780078559999999	0.0737407709	-0.07329386110000001	-0.020122	-0.0012537999999999994	1.5720144399999985e-06	0.000404894884	-0.06812869999999999	-0.06123360999999999	0.0046415197636899995	0.0037495549936320985	0.040173	0.021502700000000003	0.0016138699290000002	0.00046236610729	-0.00285629	0.0002778299999999997	7.718950889999987e-08	8.1583925641e-06	0.000613349	0.000123885	1.5347493225000002e-08	3.7619699580100004e-07	0.0009227110000000002	-9.791899999999979e-05	8.513955895210004e-07	9.588130560999964e-09	0.0	0.0	0.0	0.0	0.0	0.0	0.0	0.0	0.0	0.0	0.0	0.0	0.0	0.0	0.0	-0.6189752547	0.1062356482	0.3479421945	-0.2114715406	1.391205302	0.2771871493	-0.4754678277	-0.3327605938	1.246972457	-1.119323323	-1.209561754	-0.140541315	-0.7800967925	-0.01865786882	-0.8753358037	-0.8995953491	-0.2565962997	-0.4529583667	1.107193106	-0.9422108203	-0.4951173541	-0.9839022934	0.278538162	-0.9144824147	-0.8580872842	0.4848769586	-0.2733993628	-1.337143693	-2.576525269
912.1451381661003	1.7754366879275951	832008.7530800542	3.1521754328393086	671.2565455045518	0.17219580355902053	450585.34988270456	0.029651394763336787	656.3153618562848	2.8469164601264083	430749.854208546	8.10493333093868	1.765807	29.383539000000006	0.11481365	0.0127763661	-0.0718416432	0.1007942574	0.0015098885	0.1240874459	0.0440846904	-0.0021891268	-0.1170600732	0.0335587575	0.048740297300000006	-0.0248363026	-0.1260124074	-0.0496410523	-0.0265458629	0.1540057941	0.0302138308	-0.08280187230000001	0.0545897808	0.0380690754	0.027619072	0.033755396	-0.0378969377	0.0963090277	0.0454676736	-0.0574634295	0.09883489320000001	-0.028523614500000002	-0.103647771	-0.003671733	-0.0382712714	0.0414732041	0.09102431970000001	-0.2099891823	0.1187913675	0.09127676300000001	0.088236051	-0.0701723893	-0.0394187937	-0.029422412599999996	-0.08987267939999999	0.015221068300000001	0.0311134924	-0.07749379370000001	-0.0529176746	-0.061176868499999995	0.10449311550000001	-0.0260974799	0.1365841143	-0.029829645800000002	0.09288506869999999	0.0559763863	-0.052071857199999995	0.0686713762	0.15708610580000001	0.0003417973	-0.0552933142	-0.020808813	-0.105496059	-0.0884168323	-0.0188986636	-0.0104709617	0.1362194567	0.029911454700000006	0.043294794299999995	-0.0084584326	-0.187248365	0.10044521960000001	0.0031624917999999998	0.0213269739	0.067964362	0.0563838629	-0.0019740412	-0.0038998964	-0.038900244300000004	0.0030463569	-0.0286315792	-0.1482346511	-0.017915266699999998	-0.015569884099999999	0.0068808461999999996	0.08905144179999999	0.1284015265	-0.050835976100000006	-0.051720947	-0.0947950786	-0.004820701	-0.0008808472999999998	0.1185247846	0.056702762699999985	0.1762989714	-0.06948759040000001	-0.10042854640000001	0.043741607800000006	0.0603575207	0.041771493199999996	-0.012242727	0.0801726534	-0.0501970779	-0.0727344954	0.0475062701	0.0766625785	0.005289114300000001	-0.0801925941	-0.0320394993	-0.0356197084	0.0690807353	-0.0144499081	-0.140751422	0.0085975958	0.06601989059999999	-0.0559327559	0.051004607	0.0438051301	0.05528770349999999	-0.147447893	-0.1245291099	-0.110213047	0.0434408234	0.0519151093	0.1086200052	-0.0481986793	-0.0139334556	-0.0775112588	-0.0593617855	-0.053491041399999995	-0.0236173786	0.0314739962	0.0738899886	-0.1306576667	-0.031937496	0.0512566534	-0.0350804771	-0.20657008429999998	0.0577591621	-0.0109497726	-0.0319278495	-0.0501895771	-0.0120710976	0.074247275	-0.0622483334	0.1217287483	-0.10974258029999999	-0.0735687505	0.0054306675	-0.0358318298	-0.0582024643	0.0575007354	-0.045228481699999996	0.0503103325	0.0893743434	0.0168817386	0.12441590429999999	0.09894799859999999	0.0049763613	-0.017961876	-0.0892818499	0.051370588499999995	0.0700592955	-0.0775863408	-0.00960645	0.01051555	0.0001105767918025	9.22838816025e-05	-0.01845	0.04967869999999999	0.0003404025	0.0024679732336899984	0.0461121	0.005939099999999996	0.0021263257664100002	3.527290880999995e-05	-0.00326609	-0.00040980000000000015	1.6793604000000007e-07	1.06673438881e-05	0.000902358	0.000289009	8.352620208100001e-08	8.14249960164e-07	0.000647914	-0.00027479700000000024	4.19792551396e-07	7.551339120900012e-08	0.0	0.0	0.0	0.0	0.0	1.0	0.0	0.0	0.0	0.0	0.0	0.0	0.0	0.0	0.0	-0.8827765268	0.2666416658	1.815313331	0.5040253995	0.6514924062	1.614674715	1.216517208	-0.0316438725	0.2797906206	4.624914375	2.176533663	-2.543815318	-0.5351673142	-0.9088167226	-0.2370918162	0.8858619576	0.4703418306	-0.5825769434	1.12796008	-1.080611421	0.6657524469	-0.1056032726	-2.710208951	1.154564954	0.4960551462	-1.052152885	-0.8646910526	1.470797716	2.601268529
920.1884207749547	8.043282608854383	846746.729728305	64.69439512589938	673.7563599182597	2.4998144137078957	453947.6325303035	6.2490721029817475	660.6624424962488	4.3470806399640205	436474.8629251092	18.89711009034999	2.382703	39.648861	0.7630603899999999	0.016917591399999998	-0.10070247480000001	-0.2204730098	-0.047930834900000004	0.0375780302	-0.2370736317	-0.10501421400000001	0.2120026707	-0.0686478733	-0.04924469	-0.1746269209	-0.0416117795	-0.0797794989	-0.07101047490000001	-0.0594297936	-0.19837786289999998	-0.1725442848	-0.027020587599999996	0.09732141960000001	0.09525084460000001	0.07623155570000001	-0.19525022120000002	-0.18742145129999999	0.203703288	0.441119773	0.150992135	-0.0408880476	-0.0288677704	-0.1740551428	-0.07723378360000001	-0.02854246	-0.076414905	0.012882453200000001	0.0045294338	-0.0042232692	-0.029474691600000002	0.0171442391	0.0121915029	-0.057287244	-0.0108533029	-0.0340242348	-0.0004922689	0.0940055407	0.0388560232	-0.005345240699999999	-0.10282326800000001	0.0496362262	-0.0400695992	0.16905326399999998	-0.0245563142	-0.043933294500000004	-0.0593227146	-0.0048416055	0.0492697602	0.0693724825	-0.0399925601	-0.0432760064	0.039907609100000005	-0.0254714102	-0.0794567742	-0.10225257089999999	0.0709637451	0.010616151	-0.025278822000000003	0.0906533016	0.028583232599999998	0.026989025299999997	-0.0116216716	0.011036048799999998	-0.0008113846	-0.0737566994	0.0204242707	0.0300302606	-0.11135849449999999	0.13218867039999999	0.0890096542	0.2521794921	-0.1507620454	-0.067564291	-0.1304851223	-0.0318699707	0.0014075232999999998	0.2108917153	0.2060278233	0.1572265887	-0.015591848200000001	0.1576100456	0.10682432050000001	0.0159678902	-0.0209022875	0.0764627969	-0.0867319827	0.11337943029999999	-0.1831943455	-0.2970499117	0.054473795199999994	0.053669752800000005	0.049916718799999996	-0.2371942325	0.2211469432	-0.0992807925	-0.2703041818	0.061598738499999986	-0.08552757039999999	0.020654224	-0.0022830782999999997	-0.16336136710000002	0.0206619397	0.10028702960000001	-0.0041609646999999994	-0.0210378609	-0.1012369899	0.08778278630000001	-0.0187931187	0.09881456279999999	-0.003964443	0.0833310543	0.1550856279	0.0367513186	-0.0242622513	-0.0113288744	0.0314218661	0.1837069192	0.0169221284	0.0592723777	-0.0543517159	-0.0407812486	0.0103853959	0.0627350304	-0.0081167689	0.0012955341000000001	-0.05206414	-0.0667144128	0.0478096335	0.0029766885999999997	0.0172509106	0.08100443269999999	-0.0222628277	-0.022926809399999998	-0.027495158500000002	0.010929816	-0.023317890299999998	-0.0213837342	0.0978754624	-0.0357671644	0.0022891154	-0.1021630741	0.0509989136	-0.08298206940000001	-0.014656158	-0.043518740800000004	0.013160078899999999	0.057178342199999996	0.06432257549999999	-0.0193252763	-0.0882227731	0.054843503700000004	0.0661429408	-0.0814724559	-0.0100732	-0.0004667500000000002	2.178555625000001e-07	0.00010146935824000003	-0.00372786	0.014722140000000003	1.38969401796e-05	0.00021674140617960005	-0.303598	-0.3497101	0.092171745604	0.12229715404200997	0.00238722	0.00565331	3.19599139561e-05	5.698819328399999e-06	-0.00102356	-0.001925918	3.7091601427239998e-06	1.0476750736e-06	0.000263914	-0.000384	6.965059939600001e-08	1.4745599999999994e-07	0.0	0.0	0.0	0.0	0.0	0.0	1.0	0.0	0.0	0.0	0.0	0.0	0.0	0.0	0.0	1.912530904	0.7857626516	-0.1357220012	-0.3121281589	0.3764059442	-1.134760897	0.3151913244	2.030926084	-2.105291937	7.148104725	4.684909623	-0.7765209081	0.007190795711	-0.1480587477	-0.2252875288	0.2320416269	2.913359658	0.6665389799	-0.524108754	1.105347015	-0.1666596009	0.4672967031	2.426796383	-2.171836264	2.309742482	0.4100073087	-1.199018679	0.4746857914	0.1381611441
913.0304428406768	-7.1579779342779375	833624.5895538423	51.23664810760985	672.0867199193325	-1.6696399989272095	451700.55909192725	2.7876977260176523	655.5516298537194	-5.1108126425293685	429747.9394038679	26.120405867038016	2.176515	36.217834	0.34884510499999993	0.0790831713	0.0234183494	-0.09016436439999999	0.071049439	0.044279646799999996	-0.0398725729	-0.08523137619999999	0.0989402036	-0.1192785796	-0.057008542599999996	0.0549490986	-0.0002659695	0.0351567509	-0.065448721	-0.0917663559	-0.1192396139	0.0342432886	0.10354754039999996	0.0405360466	-0.08478106140000001	0.0353541902	-0.0342115741	-0.1663739543	0.0852348608	-0.13265348859999998	0.0744674888	-0.0658644223	0.09567964640000001	0.0456079499	-0.0063573823	0.0156723145	-0.010865830200000001	-0.0576052321	-0.009852278	-0.048908873	-0.0009942109	-0.0582823784	0.0844626582	-0.17189861190000005	0.12358731449999999	-0.0904470292	-0.046677185	0.0249667692	-0.2077627455	0.1897161967	0.1141793573	-0.023015837799999998	0.0716423543	-0.1231262939	-0.050319738600000004	0.0095868611	-0.042700446100000004	-0.0029344859999999996	-0.051487470099999995	0.08979175199999999	-0.0280900488	-0.0903040428	0.0044902024	-0.0301323772	-0.0013327347	0.047734478399999995	0.0700752682	0.1251280525	0.026562122799999997	-0.09637188220000001	-0.033485234700000005	0.0165958866	-0.0501070463	0.0150671968	-0.06321690190000001	0.0624784439	-0.0095707579	0.08693964789999999	-0.060241599800000004	-0.0736960821	0.0321650381	0.1102496691	0.0225002363	-0.07931016540000001	-0.0944872588	0.0248692388	-0.0374442811	0.032002929900000004	0.1054600393	0.11008455519999999	-0.10403989470000001	0.0540486775	0.0384301972	-0.031406962999999996	-0.1316264889	0.056094507800000006	-0.110910174	0.0072366992	0.0393005394	-0.058577587599999995	0.0120125701	0.027701836	0.1683045371	-0.0027096327000000003	-0.1289256226	0.0846515086	-0.0886295635	-0.0132340745	0.0037415132	-0.0376071493	-0.005803714399999999	-0.08270723370000001	-0.0685440745	0.0620868205	-0.1290213718	0.0665723875	0.1422524874	-0.014877442900000001	-0.0951441841	0.011058001599999999	0.08875720460000001	-0.086958801	-0.014499699	-0.009195368800000001	-0.1034112622	-0.0171599459	0.0204322996	-0.1450682162	0.0692462642	0.08846673470000001	-0.1436839062	0.1113645153	0.047454149400000006	-0.07678497299999999	-0.0437035994	0.0942958344	-0.1072667784	-0.0301021238	0.10388071859999999	0.056271498499999996	0.0809861344	-0.023386370299999997	-0.0687501909	-0.0454006497	0.0369267482	-0.0131127402	-0.0246930354	0.037994553	-0.0518956172	-0.0173623182	0.14100747619999998	0.0066608174	-0.1016315616	-0.0129050627	0.0552661725	0.09189163560000001	-0.10963680740000001	-0.0813826161	0.0042542928	-0.020684626299999998	-0.08708973730000001	0.058212980899999996	0.0620048368	-0.0849318525	-0.00997245	0.00010075000000000013	1.0150562500000029e-08	9.94497590025e-05	0.0353163	0.03904416	0.0012472410456900002	0.0015244464301056	-0.12064200000000005	0.18295599999999992	0.014554492164000012	0.033472897935999966	0.0011358300000000002	-0.0012513899999999994	1.5659769320999991e-06	1.2901097889000003e-06	9.92009e-05	0.0011227609	1.2605920385688095e-06	9.84081856081e-09	0.000103181	-0.00016073300000000006	1.0646318761e-08	2.583509728900001e-08	0.0	0.0	0.0	0.0	0.0	0.0	0.0	1.0	0.0	0.0	0.0	0.0	0.0	0.0	0.0	0.8676265511	-0.3023172336	-1.569978626	-0.187977799	-0.942271487	0.4335596613	0.824787535	-0.2146410056	0.7535223923	-1.31149537	-0.6413275623	0.7423736284	0.6235261711	0.4029595266	0.3068900116	0.02013017125	1.96066297	0.517188256	0.9556769704	-1.551339526	-0.886972976	-0.7356580975	2.179982351	-1.225059301	-0.6587041893	0.06339096428	-0.513786358	1.074380591	1.92791226
917.1244649701172	4.094022129440418	841117.2842467236	16.761017196347858	672.4253055493965	0.3385856300640171	452155.7915431993	0.11464022888584745	655.0180212064582	-0.5336086472611896	429048.60810522415	0.2847381884319167	1.3330860000000002	22.182941	0.09333456	-0.1008000716	-0.0857235249	-0.0700031792	0.077589696	0.0028855488	-0.1133331674	0.0074874281	0.0410473502	0.0359881778	-0.0401928248	0.10508415210000001	0.0289850775	-0.0636910833	-0.0399927831	-0.0445370905	-0.0659398962	0.0805272098	0.0751193827	-0.158036757	-0.0285593226	-0.061855069400000004	0.10031555140000001	-0.0763576234	0.0345532042	-0.0709491429	0.043079145199999995	-0.1040432385	0.0437200541	0.0319800624	-0.0570408445	0.1298883348	0.0018229570999999999	-0.0684476141	-0.0002212862	0.018894633	-0.0935992907	0.1241978332	-0.0271281404	-0.0250875367	-0.0913536914	0.0740910537	0.0054472075	0.0402091448	0.0322841649	-0.0509081879	-0.080982392	0.0128699259	0.0824940757	0.015456475400000001	0.080830776	-0.06341610519999999	-0.049988263899999996	-0.040324985	-0.0504329688	0.0655497533	-0.07009642740000001	-0.04604259769999999	0.0437639154	-0.0352111144	0.0408486619	0.1000804077	0.1396244261	0.09906759679999999	0.0339866085	-0.0156846251	0.1179610509	-0.0133805266	0.1811013659	0.0671801513	0.022041855	0.0251188575	0.0278016435	0.0359527984	0.0163540069	0.085191636	-0.0054718299	0.0782352744	0.11053684039999999	-0.0346440118	-0.0748082839	0.0530428397	-0.0744211104	0.1111751863	0.0464013946	-0.001956016	0.0513255929	0.0179481225	0.040179522999999995	-0.0447557913	-0.1434537584	-0.022503893900000002	-0.0303806898	-0.013350994299999999	0.0960851481	0.148871384	0.0658353674	-0.0522457157	0.0841850661	-0.0032142533000000004	0.0230051544	0.0435601593	0.0037225534	-0.0297617361	-0.06444283070000001	-0.17146124989999995	-0.045652221500000006	0.017416230300000002	-0.0102753123	-0.0619633646	-0.0366405378	-0.0513567532	-0.1223895467	0.055044909100000004	-0.0601534802	0.0388338592	-0.0330099932	-0.0331217162	-0.0172585049	-0.0623627134	-0.0216062619	-0.0422940294	-0.0750335674	0.09061562199999999	-0.0745042107	0.0079009163	-0.0835146903	0.0768902185	0.0079330484	-0.031290330400000003	-0.1642028129	-0.013567865600000001	-0.0413176671	0.000924683	0.1024886025	-0.048012015899999996	-0.1227999325	-0.012520931499999999	-0.003675404	-0.019054138	0.0694889385	-0.159695649	-0.0198969689	0.0338910604	-0.016556289	0.0053966999	0.0515694616	-0.047461094	0.06840972070000001	0.0635227962	-0.13690811519999999	0.0310008077	0.040638318300000004	0.010997863600000001	-0.1826615693	-0.022039640899999997	-0.0858836924	0.0614726652	0.0576588568	-0.0879464117	-0.0233008	-0.013328349999999996	0.0001776449137224999	0.0005429272806399999	0.0567999	0.0214836	0.00322622864001	0.00046154506895999993	-0.08243980000000001	0.03820220000000005	0.006796320624040001	0.0014594080848400034	0.0007570710000000001	-0.00037875900000000016	1.4345838008100008e-07	5.73156499041e-07	9.92009e-05	0.0	0.0	9.84081856081e-09	7.553180000000001e-05	-2.7649199999999993e-05	5.705052811240001e-09	7.644782606399996e-10	0.0	0.0	0.0	0.0	0.0	0.0	0.0	0.0	0.0	0.0	0.0	0.0	0.0	0.0	0.0	0.3303563062	-0.4868523187	-0.6517391333	-0.1876357866	-0.1171137167	-0.4637975393	1.615906092	-0.1122070049	-0.2405351642	0.7109820093	0.5045061008	1.158051357	0.4878761949	-0.2001573165	1.683230658	0.1214044606	0.3865842156	-0.4853196901	-0.9475024238	0.5631500323	0.9052930981	1.636282336	-0.08994158591	0.03417219761	-1.42898487	1.679490614	-0.7069705097	1.7567126	2.742768777
914.426889549937	-2.6975754201802147	836176.5363319727	7.276913147560463	671.5572758430068	-0.8680297063897342	450989.1747376803	0.7534755711750482	654.0159969671548	-1.0020242393034096	427736.9242889415	1.0040525761515766	1.1213229999999998	18.659136	0.096490405	0.0390706425	-0.010060709499999999	-0.004638751	0.076142178	-0.0717263128	-0.044590505499999995	-0.0461381753	-0.0044927834	-0.06891855820000001	0.0420852231	0.13552773380000002	0.11199275439999999	-0.0173799983	0.014897266999999999	-0.1244397542	-0.0677718645	0.0743486921	-0.06113771	-0.05393427519999999	0.0968527493	0.045407428300000004	0.0379320088	0.0661883714	-0.0266056687	0.0180933221	0.0897194671	-0.0605024492	-0.0631368309	0.0101776455	0.026341105	0.12874960900000001	0.02720546	-0.0950930006	-0.0085358034	0.056535163	-0.1092688485	-0.052786970999999995	-0.10655134449999999	0.0992424375	-0.1288517394	-0.0057332829	0.2313502625	0.09813895060000001	0.0186100618	-0.0964815532	0.0814920948	0.0210324477	0.036255156600000005	0.062372296699999996	-0.0359811346	0.050738577300000004	0.0083003363	0.0699236549	0.009547367900000001	-0.0562676004	-0.06284441519999999	-0.0191686537	-0.0100601493	-0.0231566622	0.0047506288	-0.009680386800000001	-0.0332680746	-0.12030999390000001	0.09504225720000001	0.039314837000000005	0.0635178223	-0.1368930771	0.023542139	0.034187256	0.0445884009	0.0431758488	-0.05862508280000001	-0.060458213899999995	-0.043068236600000004	-0.0372089313	-0.0763011471	0.0513630847	0.0664300957	0.0111339711	-0.060628549800000014	-0.0304897053	-0.1614019223	0.0377373916	0.0633690121	-0.0139879006	-0.0961912035	-0.0913607974	-0.027461333900000003	-0.1099025601	-0.1654253424	-0.0051706039	0.0155128699	0.0028270923	-0.0387345579	0.0980874065	-0.034597491099999995	0.06884862280000001	-0.0602906934	-0.0695550208	0.0917920261	0.062152641900000014	-0.004139094	-0.023417367	-0.0131255728	-0.08597053199999999	-0.1166067882	0.0199518555	-0.0716258502	-0.096823622	0.11539365789999999	0.0279320929	-0.123468391	0.09569117810000001	-0.0065267939	-0.11727914460000001	-0.1809111348	0.1390147426	0.064326124	-0.0027483317	-0.0354385615	0.008949648000000001	0.0279935807	-0.0412099503	-0.0835951675	-0.0361383174	0.0425103179	-0.005625405500000001	0.0930527077	-0.0594024176	0.0219920069	-0.0949352666	-0.0022405939000000002	-0.007526638100000002	-0.0727694506	0.030787172999999998	-0.0577913617	-0.047818278799999996	-0.0270580495	0.0807629379	0.0023549153	-0.0200853782	0.09283197619999999	0.055515064	0.1064844475	0.0696761093	-0.034438600800000004	-0.1219337344	0.0332973351	0.0055804387	-0.0524294704	0.12440879390000001	0.1523626303	0.08432805560000001	-0.0137007049	-0.023390036200000002	-0.08460564949999999	0.0646164087	0.053119570899999996	-0.09050034470000001	-0.0211668	0.002133999999999997	4.553955999999987e-06	0.00044803342224	0.0354663	-0.021333599999999998	0.00125785843569	0.0004551224889600001	-0.04196	0.0404798	0.0017606416000000005	0.0016386142080400002	0.000470387	-0.00028668400000000016	8.218771585600011e-08	2.2126392976899995e-07	0.000463377	0.0003641761	1.3262423181120994e-07	2.1471824412899998e-07	7.553180000000001e-05	0.0	5.705052811240001e-09	0.0	0.0	0.0	0.0	0.0	0.0	0.0	0.0	0.0	0.0	0.0	0.0	0.0	0.0	0.0	0.0	0.07668614857	-0.5535455789	-1.166338725	-0.5277752088	-0.1576308722	0.9577749835	0.8487183476	-0.2882927771	0.3449889554	-0.008411501849	-0.2617148946	1.313029483	0.5208383245	1.971010108	-0.2394985117	0.5221872449	0.005181597478	-0.2825571817	-0.182905289	0.05248221248	-1.095608783	0.4292390362	0.6445309552	1.010599481	-1.120804474	1.76363291	-0.4256921664	-0.7050198909	-0.1400277642
908.9255079999467	-5.501381549990243	826145.5790929613	30.26519895857304	670.3210604630923	-1.2362153799144835	449330.3241003647	1.5282284655371108	653.3660724877043	-0.6499244794506467	426887.2246780079	0.4224018289891941	1.091066	18.155655	0.1014795	0.0019647884	0.0478452024	-0.0189315135	-0.0748792079	0.0262713007	0.0551691486	-0.0799558092	0.0317560421	0.0633666789	-0.065535265	0.0408799846	0.0630950238	-0.0279360602	0.0388097454	-0.10355797369999999	-0.0380843696	0.0233527898	0.07455615089999999	-0.0464608839	0.0622428999	-0.0012276827000000001	0.0790076125	0.1430016007	-0.0868381662	-0.0056370428	0.0527955476	0.0704198308	0.0005126715	0.0657254292	-0.0736629574	-0.00949749	0.0666706349	-0.0684601839	-0.0613105859	0.015901521499999998	0.10926416	-0.0810090871	0.036301633300000004	0.0654814098	-0.1263961763	-0.0243118202	-0.0463307033	0.0996952502	0.1364975527	0.046327968	0.062425305	0.0181222849	0.0018585427	-0.0738487196	-0.071867625	-7.36228e-05	0.053010099500000005	-0.0714098428	0.0780622005	0.1123735177	0.09281723859999999	0.007866146800000001	0.1130766828	0.0420181838	-0.0793159487	-0.16443163449999998	0.2079704517000001	0.0936345714	-0.0015573127	-0.10075276820000001	0.0158643876	-0.019428539499999998	0.0207387332	-0.0032399582	0.0537487964	0.0877012181	-0.07729215	0.0154227852	0.027385135699999997	-0.027931884900000002	0.0920778951	-0.026794450600000002	-0.0033144765000000004	0.0502042635	-0.0940173716	-0.0025993397	-0.0496690924	-0.07115629150000001	0.0820713218	-0.0167128632	0.06267294150000001	0.0350953618	-0.0447424779	-0.0903535708	-0.13202974039999998	0.016326062199999998	0.039189099500000005	0.0189747234	0.0814528538	0.0604745363	-0.0657170543	0.0289758725	-0.1134138617	0.0922801966	0.0314642745	0.0801215482	0.035231906	-0.1102249801	-0.049982432599999994	0.0223482843	0.0477034841	0.040267468199999996	-0.0641819348	-0.0786893588	-0.1023773372	0.0697737919	-0.09844383470000001	-0.1163348194	0.1266670958	0.059004124299999995	-0.1353836434	-0.1242358432	0.0240966923	-0.09503577349999999	0.0659459677	-0.0034269052	0.0089581147	-0.0356368019	0.0496021413	0.0705268374	-0.1087681752	-0.0708049796	-0.0514821146	0.042089877000000005	0.0536918989	-0.1205014177	-0.0833790466	0.0119451749	0.0626784523	0.0983888418	-0.0356845168	0.0639038816	0.0454242461	-0.1277817911	-0.22237298670000002	-0.06627355389999999	-0.051166840899999996	0.0176173403	0.0538365084	-0.049661048799999996	-0.0064278325	-0.0905605341	-0.0453800342	-0.0361784841	0.0899021149	-0.0866276089	0.08151671320000001	-0.0415994108	0.0669348652	-0.0247355292	-0.08325668	0.06763828200000001	0.0484021975	-0.0925802748	-0.0334403	-0.0122735	0.00015063880225	0.00111825366409	0.0210558	-0.0144105	0.00044334671364	0.00020766251025000003	-0.070235	-0.028275	0.0049329552250000006	0.0007994756250000001	0.00011217	-0.000358217	1.28319419089e-07	1.25821089e-08	0.00103557	0.000572193	3.2740482924900003e-07	1.0724052249e-06	7.553180000000001e-05	0.0	5.705052811240001e-09	0.0	0.0	0.0	0.0	0.0	0.0	0.0	0.0	0.0	0.0	0.0	0.0	0.0	0.0	0.0	0.0	0.2203033687	-0.095118025	-0.3684877416	-0.159042416	-0.4131772261	0.9717148796	0.4298075394	-0.1691071795	-0.9789380696	1.096648983	1.164961238	1.14944091	-0.13632816	1.291442312	-0.2830742083	-0.4879146589	1.380307808	-0.4442481271	-0.278571556	-1.203731408	-0.4361162815	-1.047551496	-0.7308071114	-0.7693528861	-0.7200153217	-0.03749863354	-0.03786550233	0.5402011834	2.542976856
913.9113005122614	4.985792512314673	835233.865204013	24.85812697585307	671.9436583962057	1.6225979331134113	451508.2800588768	2.6328240525439144	653.5626412839944	0.19656879629019386	427144.1260821111	0.03863929167497573	1.060116	17.640632999999994	0.08278865	0.028858240099999998	-0.0666726141	-0.0276923287	0.0030400467	-0.1263296329	-0.1047864483	-0.0354224798	-0.0106683304	0.0192376884	0.060007219800000004	-0.0038730386	-0.0107987857	0.0180422202	0.0581282132	-0.2328360327	-0.035793920099999994	-0.0021054919	-0.022838891099999998	0.0070936409	-0.0732100581	0.0196448632	0.05749200700000001	-0.0284243908	-0.0973749912	0.0262383605	0.0229800229	-0.049350455	0.0394734573	0.09330860789999999	-0.067856483	0.056521163799999996	0.0284649685	0.0132608525	0.013706441599999999	-0.0097785699	-0.180667317	-0.1487384827	0.0748336812	0.029914106200000002	-0.08424963070000001	0.0883641215	-0.043719939400000005	-0.0198064905	-0.0250415533	0.10216988380000001	-0.0160550288	0.0173138234	-0.014812411200000004	-0.0718597116	0.0357411333	0.022038030899999998	0.1143973841	0.0338153234	0.10210780859999999	-0.0887625391	-0.022329233700000003	-0.05826425740000001	0.06793872200000001	0.0078419899	0.1398134973	0.0017264327	0.0271718437	0.056623175	0.0018306960000000001	-0.0826685149	0.06132546110000001	-0.0334846435	-0.0011462362	-0.0637189012	-0.0845992876	-0.033326512999999995	0.0143384702	0.016157543899999998	-0.05071855980000002	0.0763631442	-0.011200015	-0.0026248922	-0.0252778183	-0.0270669299	0.0232379019	-0.1283011516	-0.1003561467	0.08550053349999999	0.0624926552	-0.0315995821	-0.0535443688	-0.0369200968	-0.0330803458	-0.1516609581	-0.0503319896	0.160848088	0.0534714138	-0.0333393364	-0.0745604738	-0.025212654700000003	0.0192875315	-0.0555380885	-0.021421249500000003	0.0991975735	-0.0026917537	0.0584079768	-0.1272370832	0.0684968204	-0.0990483323	-0.09660677880000001	-0.132706384	-0.029082900699999997	0.0024068837	-0.17486354829999998	0.019671706299999998	0.13935103210000002	0.0047628409	-0.06680096769999999	0.028646724100000007	-0.037173217599999996	0.053170928799999996	-0.08657042279999999	0.010651041399999998	0.0019729598999999997	0.0295653205	-0.0325556906	-0.09500893070000001	-0.050028705199999995	0.0733889861	-0.050192514	0.0997972455	-0.0543320174	-0.0705288748	-0.049193084000000005	-0.0718550491	0.013432907	0.0384982049	-0.0288990394	0.0583536776	0.0364504583	-0.08500332880000001	-0.0473285776	-0.035736109	-0.00013975459999999998	0.025134009900000004	-0.044661632	-0.14404239230000002	0.067486207	0.0356988685	0.087708328	-0.0160582153	0.1396821079	0.08189752730000001	-0.044037488	0.038946406499999996	-0.071097651	-0.011260747199999999	-0.009916614	0.1517652135	-0.026075837799999998	-0.0818379147	0.0705325857	0.043522552	-0.0941753084	-0.0262215	0.007218800000000002	5.2111073440000015e-05	0.0006875670622499999	0.06424980000000001	0.04319400000000001	0.004128036800040001	0.0018657216360000008	-0.0701822	5.280000000000562e-05	0.00492554119684	2.7878400000005933e-09	-0.000203575	-0.000315745	9.9694905025e-08	4.1442780625e-08	0.000704854	-0.000330716	1.09373072656e-07	4.968191613159999e-07	7.553180000000001e-05	0.0	5.705052811240001e-09	0.0	0.0	0.0	0.0	0.0	0.0	0.0	0.0	0.0	0.0	0.0	0.0	0.0	0.0	0.0	0.0	0.2692771078	-0.2458454918	-0.6763927843	-0.1744687447	-1.175268436	-0.705066844	-0.1396159614	-0.5330361211	-0.3981359695	-0.6016292811	-0.6363580558	1.164768507	-0.1832546489	-0.009405271392	0.7732356091	0.2605412	0.1915908076	0.555910441	-1.332108946	0.6475180405	-1.203128131	1.295170554	-0.209903153	0.6377959387	-0.8470240502	0.1793456963	-1.484378916	-0.09260668727	1.46269558
914.4815408761798	0.5702403639184013	836276.488603272	0.3251740726417907	671.9250599966796	-0.01859839952612674	451483.28625154146	0.0003459004649334314	655.2058753163261	1.6432340323317476	429294.73904903315	2.7002180850132547	1.161702	19.331051	0.041888199999999993	-0.0302433114	0.1051270975	0.0148849997	0.07161688769999999	-0.0123378532	0.037534795600000004	0.0370100492	0.12052130970000001	-0.0181389486	-0.0040367342	-0.0032742442	0.0299619819	0.0531210839	-0.053948004400000006	-0.1389703423	0.0128541004	0.0190369398	0.132039608	0.07388371349999999	0.078577471	-0.0272522381	-0.0379845463	0.0753162775	-0.11284161949999999	0.0072978568	0.0090536772	0.045644669699999994	0.0688769554	-0.0236450904	0.029577884900000007	0.073613389	0.0557224779	0.0037751446999999996	-0.036198706000000004	-0.0088545742	0.021370479100000003	-0.08151383200000001	-0.0751284158	-0.0603723443	-0.0374704656	0.0259255445	0.0473261388	-0.0092146021	-0.036202620299999995	-0.0723661981	0.0203370361	-0.07319583889999999	-0.0005007693	-0.027780600099999997	-0.0392249582	0.0405421015	-0.0311444256	-0.046812916600000004	-0.0731757571	-0.0321679033	-0.038178646000000004	0.0187321222	-0.014780421399999999	0.0110220702	0.1268097265	-0.038388843799999996	0.0584815083	-0.0228031654	-0.0564837547	-0.0128197981	0.0492769257	-0.0422430277	-0.056754414	0.0457535191	-0.056365747699999996	0.039853715299999995	0.0557135657	-0.0256283932	0.1055204395	-0.052460763	-0.0123615155	0.0802757223	-0.04967439059999999	-0.0674713796	-0.0070175839	-0.059146409299999994	0.0106491024	-0.0087421915	0.0047694265999999996	0.11146803359999999	0.00927026	-0.0152425694	-0.0120744567	-0.007315751	-0.1158602955	0.11608711390000001	0.0040658153	-0.0435509637	0.1386734086	-0.10040322689999999	-0.0640884698	0.0528758682	-0.1350722766	0.0794134588	0.013109916499999999	-0.051847848200000005	-0.0299892375	0.0143676701	0.020399036000000002	-0.042043967300000006	-0.0268619958	0.025979456800000002	-0.09590680800000001	-0.0052586226	0.1152381611	0.040291975099999995	0.0051472809000000005	-0.006492174	0.0460185947	0.0340974572	-0.0387369821	0.0447811695	-0.053992253899999995	0.0029278438	-0.022782444199999998	0.0329865471	-0.0150537562	-0.0604213513	0.0048962701	0.0134643188	-0.058961990199999995	0.1012457689	0.012440850600000001	-0.0253888759	0.0097708964	0.0021513417	0.0334941343	0.0011761954	-0.0695795049	-0.0052137067	-0.049795066299999996	0.0238269691	0.0616371719	-0.0357652117	0.0537273423	-0.015968028500000002	-0.0523867328	-0.0160342289	0.0668985508	0.05424475980000002	0.0483612164	0.0811074769	-0.06125161	0.0362821414	0.0634257112	0.0051055036	-0.0676585602	0.02785965	0.0776965756	-0.027410681200000002	-0.080350543	0.07329386110000001	0.0384969937	-0.0952770913	-0.0218866	0.004334899999999999	1.8791358009999993e-05	0.00047902325956	0.033586800000000014	-0.030663000000000006	0.0011280731342400007	0.0009402195690000002	-0.07015089999999999	3.130000000001188e-05	0.004921148770809999	9.796900000007434e-10	-0.000246729	-4.3153999999999994e-05	1.862267716e-09	6.0875199441e-08	0.0007988799999999998	9.402599999999975e-05	8.840888675999956e-09	6.382092543999998e-07	7.553180000000001e-05	0.0	5.705052811240001e-09	0.0	0.0	0.0	0.0	0.0	0.0	0.0	0.0	0.0	0.0	0.0	0.0	0.0	0.0	0.0	0.0	0.06482254359	-0.1493052154	-0.7196921381	-0.7547361141	0.4428615041	0.855610049	-0.514497035	0.09348506252	0.04841131336	0.5710025288	0.3962616483	-0.001899031289	-0.53331796	1.021983477	0.2921144167	-1.13651655	-0.09299263076	-1.077597743	2.232295642	-0.5885972997	-0.3635013771	-0.7160049145	0.5241119263	0.5629708268	-0.4034653458	0.8234320725	-0.3245502971	-1.297910592	0.8872215127
913.2653440710857	-1.2161968050941139	834053.5886812784	1.4791346687211306	671.0458278864297	-0.8792321102498589	450302.5031237839	0.7730491036944203	654.4453252611378	-0.7605500551883324	428298.6837561564	0.5784363864469755	1.073646	17.865779999999994	0.0301099	0.043129803700000004	-0.0433826229	0.0655042835	0.0188098741	-0.075633917	0.0231845917	-0.0524293767	0.00183664	-0.0103849236	0.1006345272	0.0196039069	-0.064238607	-0.0401474143	0.0033679465000000003	-0.055274555700000005	-0.0329609525	-0.0549834872	0.0659393663	-0.087356769	0.0262447393	-0.0929243382	-0.0066740627	-0.0644144925	-0.07816939120000001	0.0038562967999999998	-0.0793887081	0.101219589	0.00032279	-0.0541567579	0.0662862867	0.07058510259999999	-0.0055440025	-0.0682951951	0.044733015599999995	-0.0639498727	0.0176883255	-0.0358856884	0.14726826640000001	-0.0454367669	0.06433842	0.0613006901	0.0232384841	-0.0929825798	0.1271343373	0.0654837192	0.0031815343	-0.0366470317	0.0668149176	0.0179725337	0.0114589402	0.0457735651	0.1212153624	-0.130556556	-0.0450659204	0.0035583993	-0.0730076936	-0.0002853256	-0.0623798206	0.0518164111	0.0903024878	-0.0687157459	-0.040251675699999996	0.0182131503	-0.2063227207	-0.0094735852	0.0238358631	0.11367846	-0.0012290214	-0.0930305567	-0.0053908783	-0.10634632470000001	0.0089183737	0.0226927517	-0.025421995099999997	-0.0140176949	-0.0484071509	-0.04071409	-0.0130198384	-0.07515861389999999	-0.043849685599999993	-0.050402385099999995	-0.0040599863	-0.0399533276	0.046779387199999994	0.0021897387	-0.0348692919	-0.06511413719999999	0.0967000442	-0.0827364413	0.0243734013	0.0807860566	-0.0375127444	0.013234248	0.0341726159	0.0054969149	0.0809819758	0.0047646351	0.0244080471	0.0852569094	0.09085909029999999	-0.1934795255	0.0234838702	0.027577377599999998	-0.013185258200000001	-0.0315774485	0.049536054	0.00010186639999999999	-0.0006396841	0.0266521073	-0.0963757311	0.0307709327	-0.0006734158	-0.1301441911	0.026422077999999998	-0.1031140834	0.0270232201	-0.1189341316	-0.0657559638	-0.11675884939999999	0.027013121400000003	0.0368761314	-0.0010580682	0.09163156789999999	0.0798801844	-0.0485032159	0.0363608956	-0.0189245783	0.0278125608	-0.0329315621	-0.0452492314	-0.0307327671	-0.0348992903	-0.0535455464	-0.1944632663	-0.09101783279999999	-0.046425052	0.0097484279	0.0051593264	-0.0428409314	0.1258422177	-0.0033878452	-0.047913246799999996	-0.09679242060000001	-0.12058516119999999	-0.07690510769999999	0.1296225464	-0.009384369200000001	-0.0164742261	-0.10012276619999999	0.1008838195	-0.0796670239	0.0795066296	-0.0891183352	-0.1105898398	-0.028739779500000007	-0.0787958119	0.0759169001	0.0333423712	-0.09587985289999999	-0.0185857	0.003300899999999999	1.0895940809999994e-05	0.00034542824449	0.0363926	0.0028057999999999907	0.0013244213347599998	7.872513639999945e-06	-0.0700846	6.629999999999137e-05	0.00491185115716	4.395689999998855e-09	-0.0006263330000000001	-0.00037960400000000013	1.4409919681600006e-07	3.922930268890001e-07	0.000699746	-9.913399999999976e-05	9.82754995599995e-09	4.896444645160001e-07	7.553180000000001e-05	0.0	5.705052811240001e-09	0.0	0.0	0.0	0.0	0.0	0.0	0.0	0.0	0.0	0.0	0.0	0.0	0.0	0.0	0.0	0.0	0.09924161926	0.3390731665	-0.3755123631	-0.2675195404	-0.3580242535	0.9383593809	0.8676445092	-0.2312793076	-1.206245894	-0.4282508326	0.5621969444	1.030853797	-0.6060106829	-0.7504735196	-0.1816601986	0.5763323517	0.9997074287	-0.06169289744	0.2663534966	-0.497371463	-1.50249375	-0.08672105432	0.5986850136	0.747209971	-1.360969554	-0.7087430451	-0.6697399587	-0.7696312862	1.800777098
916.15753438536	2.8921903142743304	839344.627811062	8.36476481398225	672.643122038495	1.5972941520652741	452448.7696256937	2.5513486082219226	654.6604021133054	0.21507685216761274	428580.2420951547	0.046258052338329136	1.1627090000000002	19.347809	0.07066896	0.0676078958	-0.0349593806	-0.09848859970000001	0.0360271515	0.0176822879	-0.105189129	-0.0399047356	-0.0090848087	-0.066568479	-0.067932474	-0.0326315832	0.0356244936	-0.0074231891000000015	-0.0498786677	-0.0367513709	-0.0157993123	-0.1163664782	0.077902367	-0.1281751246	0.0035874261	0.0095925094	0.0875454782	-0.0888984988	-0.1464310221	-0.0654012258	-0.08148803389999999	-0.0116355504	-0.143758979	-0.0301849229	-0.07956121740000001	0.1126626099	0.0182994086	-0.021160042400000002	0.09041171740000001	-0.1400909961	0.09455274179999999	-0.08789381240000001	-0.0131998677	-0.024234028199999997	-0.011522046599999999	0.0100825194	-0.1097942601	-0.021615854900000002	0.0833920242	-0.0320886748	0.09125664380000001	0.0170067504	-0.0247890907	0.0167227075	-0.1176026395	0.11255042259999999	-0.0168684021	-0.0421340775	-0.0021522095	0.0138814324	-0.0157987403	-0.035251767	0.09521929259999999	0.0236039875	-0.0023116979	0.0523235128	-0.06095815070000001	-0.0252396992	-0.1557616584	0.0975673472	-0.0384097781	0.004900283	0.0325578605	0.1108828576	-0.0296744593	0.0549198724	0.07036297009999999	-0.0393083264	-0.0888496084	0.012686206399999999	0.026623023	0.09894868220000001	-0.0214758829	0.0020039242000000003	0.0236559425	0.0089582721	0.0934122786	0.1032378527	0.04334551440000002	-0.00324823	-0.06364397849999999	0.0633714547	0.0249689858	0.0090898737	-0.0929120468	-0.0445267083	0.029668527099999998	0.10048255769999999	0.0736308166	0.0372508422	0.16596595390000002	-0.0361532551	0.027307416	0.1300912964	0.0139461974	-0.026504985499999998	0.0666136971	0.0974316372	-0.1081258769	-0.0361250545	0.0219070169	0.0750358307	-0.0484610543	0.1377438699	-0.0611790737	0.0781914744	-0.042409013499999995	-0.0599447735	0.0924771914	-0.1256217571	-0.0283005242	-0.0673646391	0.0006976196000000001	0.0513252279	0.1382449238	0.052011728300000004	0.031389164	-0.0190402333	0.06296018589999999	0.0061671112	-0.07278689719999999	-0.0118855229	0.0087565634	0.0049915605	0.1258742413	-0.027807295299999996	-0.0939946317	0.08321232860000001	-0.037054106	-0.0847903031	0.1266835348	0.0290857751	0.0953089326	0.043727263200000005	0.056745042	0.0024095169	-0.0701814395	0.037551641499999996	0.0948455138	-0.0032405317	0.0635786114	0.11105554570000001	0.042681704800000005	0.0953558603	-0.0435360896	-0.0670230349	-0.0588994788	0.0371769202	0.0475276172	-0.0300628542	-0.0771750246	0.0783967557	0.0280759659	-0.0959804361	-0.025496900000000003	-0.006911200000000003	4.7764685440000046e-05	0.0006500919096100003	0.0762492	0.039856600000000006	0.005813940500640001	0.0015885485635600005	-0.07005160000000002	3.299999999997749e-05	0.004907226662560002	1.0889999999985144e-09	-0.000881908	-0.000255575	6.531858062499998e-08	7.77761720464e-07	0.000765508	6.576200000000003e-05	4.324640644000004e-09	5.86002498064e-07	0.000231558	0.00015602620000000001	5.361910736399999e-08	2.434417508644e-08	0.0	0.0	0.0	0.0	0.0	0.0	0.0	0.0	0.0	0.0	0.0	0.0	0.0	0.0	0.0	0.06518754541	0.2269177999	-0.3143418181	-0.3713134708	-0.7371183849	-0.8169586747	1.070690019	-0.2118256437	2.149809882	-0.01315947604	0.07696614523	0.2879393499	0.4510155473	0.471278472	0.649895016	0.4714830463	0.8329058614	0.536568997	0.5825884662	0.9715289313	-0.7324034868	1.066343275	-0.3861308352	-0.2413287946	-0.7445437338	-0.9198237737	-0.7015339364	-0.06405592577	1.383192408
915.3458100563406	-0.8117243290193983	837857.9519876984	0.6588963863219923	672.2726477018165	-0.3704743366785124	451950.51284801064	0.13725123413738374	653.8301427059387	-0.8302594073667251	427493.85551086813	0.6893306835209456	1.226834	20.414865	0.10300215	-0.1323878187	0.0033934239000000003	0.0131417776	0.0028520917	0.0640969321	-0.0119216093	0.0701378871	0.06992674	0.06371532099999999	0.0096388059	0.0647678844	0.0421183165	-0.0510286099	-0.0503674995	0.021007234500000003	-0.1475528784	0.0123737058	0.0274127551	-0.0237130233	0.0109230273	0.1055810796	0.0425439418	0.028832228300000002	-0.0228011589	-0.0517967145	-0.0352011628	0.0268269023	-0.0169094504	-0.152858359	-0.1187372138	0.060369415	0.028044005099999998	-0.0827889373	0.04276352730000002	0.0884168141	0.0292470146	-0.0186216771	0.1071509591	0.0622359558	0.15026402	0.0120891906	-0.08919771800000001	0.027368496800000003	-0.059421467400000004	-0.1385674375	0.0583602368	0.0569004843	0.0082140193	-0.0258265796	-0.0214656096	0.030698600099999997	0.0031516028999999997	0.06424497950000001	0.0399785328	-0.0280755681	-0.0599536792	-0.04920751599999999	0.0323740519	-0.0023002767	-0.1429366617	-0.1174090469	-0.0980414522	-0.0207842428	-0.06062554940000001	0.07371462919999999	0.0211348759	0.0388702034	-0.119627765	0.1213112609	-0.0863263724	0.0111709599	-0.0973936531	0.043640321600000004	0.1017444778	0.05787147240000001	-0.025828531499999998	0.0095772308	0.0384528548	0.0164279863	-0.0672419972	0.08398814859999999	0.0157877594	0.0302621886	-0.0230859836	0.0542676016	0.09542665	-0.049605249000000004	0.0750151553	-0.0161686852	-0.1116074225	-0.0309010356	-0.0974000162	0.050893434800000005	-0.029754845499999998	0.021980366600000002	0.0705891515	0.1143868368	0.007552796600000002	0.0599582525	0.0779934167	0.1025229949	0.0723935641	0.0144468021	-0.0506049462	0.0568893342	0.1686103871	-0.064989748	-0.1144599761	0.0369601277	0.0312226073	-0.0594857335	0.0032256607000000002	0.0305599425	-0.046317119500000004	-0.0664230625	0.1496166686	0.0059589441	0.0073878014	-0.0650293918	0.0875406369	0.0506221009	-0.0128067857	0.0348852183	0.0104989049	-0.0648495871	0.0002345603	0.0018260941	0.0020595889	-0.0094027141	0.13151697539999999	-0.0319223883	-0.07977141019999999	-0.046802515700000005	-0.059141241799999994	0.1405870216	0.1352660653	0.0459514458	-0.1014758435	0.0700881234	0.047077614000000004	-0.0077260539	-0.0431758259	0.0380256731	0.1067005162	-0.06347523	-0.1076685235	0.0767465769	-0.0627004536	-0.0023697759	-0.1552449903	0.039484660899999996	-0.0007578000999999999	-0.027535926699999998	0.0666766856	-0.031379628	-0.0754895399	0.0807287506	0.022715433700000003	-0.0955783141	-0.0182455	0.007251400000000002	5.258280196000002e-05	0.00033289827025000004	0.03643	-0.03981919999999999	0.0013271449000000002	0.0015855686886400001	-0.0285335	0.041518100000000016	0.0008141606222499998	0.001723752627610002	-0.00113293	-0.00025102200000000005	6.301204448400002e-08	1.2835303849000002e-06	0.000766506	9.979999999999928e-07	9.960039999999855e-13	5.87531448036e-07	0.000195309	-3.624899999999997e-05	3.8145605481000007e-08	1.3139900009999978e-09	0.0	0.0	0.0	0.0	0.0	0.0	0.0	0.0	0.0	0.0	0.0	0.0	0.0	0.0	0.0	-0.1825817596	0.04318912709	-1.123517072	-0.458690349	0.06924567426	0.6880434535	0.4142754437	-0.3168962157	0.3755559301	0.01926619123	-0.2987025791	0.874521294	-1.769652306	-0.8698307009	0.4537934691	-0.06512205015	0.1754640343	-0.2739020218	0.1713919975	0.1409142145	1.613797454	0.9771300789	0.4481505563	0.03153989084	-0.09109631914	2.514720469	-0.3796489054	-1.397049274	0.4025391706
913.8051575724278	-1.5406524839128224	835039.8660059696	2.3736100761867496	671.2078331161553	-1.0648145856612246	450519.95523648453	1.1338301018368853	653.8181752132549	-0.01196749268376607	427478.2062391905	0.00014322088113599436	1.456532	24.23712	0.037448350000000005	0.1135650401	-0.0334236023	0.0327335116	0.0517576228	0.06439325559999999	0.0155815156	-0.0823802005	-0.0513284399	-0.09674435890000001	0.037000418300000004	0.0482616855	0.0186508765	-0.010819293	0.028789827799999997	-0.010162323000000001	-0.12198554660000001	0.1337946783	0.010223612	0.0575641257	0.0751559543	0.0182004273	0.0510724147	0.0226203933	-0.0434466814	-0.011947608500000002	-0.0105675446	0.09381630369999999	-0.0525723381	-0.10791630769999999	-0.0712131293	-0.0514406787	0.0045380295000000005	0.061218894800000014	-0.0711674295	0.06384560780000001	0.0751780566	-0.0823654554	0.055184223399999996	0.0482715226	0.059963215099999995	-0.0203040393	0.0132696429	-0.030751849300000002	0.087321315	-0.0926909764	-0.11575638419999999	-0.1070509358	0.0945268232	0.038272857599999995	0.0092243737	0.0011680871	-0.0584028558	0.0168778755	-0.19663765989999998	0.045289612800000004	0.0425717465	0.0803610236	-0.0581753798	-0.0153847784	0.0034784753	0.13809371380000002	0.0724492739	0.0230492414	0.0216586624	0.009779708	0.013371544099999999	0.0856842367	0.0634103867	-0.0996747133	0.0726355382	0.0774690837	-0.028192710299999996	-0.057479821699999996	-0.1081722727	-0.068457719	-0.0497917453	-0.0233278805	0.0207969211	-0.0002931001	-0.013326321799999999	0.0560223937	-0.0558642604	-0.0359134004	0.050393955899999995	-0.0120098561	-0.10867900289999999	-0.0197274008	-0.009450464799999999	-0.053387726100000005	-0.055896025	-0.0038521052000000003	-0.14516196580000001	-0.0900570725	-0.0662544767	0.0429273778	-0.0824329711	0.09337151939999999	0.0195731374	0.0532860401	0.0925736739	-0.0234279777	0.1071227626	0.018040131	-0.11735750689999999	0.1278152161	0.0365387836	0.0247586812	0.041377274	0.0440398675	0.0483441079	-0.0549146121	0.062141237099999996	0.0365318575	0.0728983088	0.1077989173	-0.025776337000000003	-0.0080019463	-0.0507463206	-0.030185029199999998	-0.0514435288	0.0231996772	0.0027351352	0.0393589764	-0.0503993112	-0.0996857213	-0.0774642647	0.0527253579	0.1882568855	0.0721954504	-0.072196538	-0.1080033654	0.0689312858	0.142880739	0.0838120536	-0.059089800899999996	-0.050739711500000007	0.0233135818	0.0563375895	-0.0242536482	-0.055182627000000005	0.037104488399999996	0.1008264976	-0.0756919792	-0.14598784039999999	-0.0754613347	-0.0613282088	0.0146076924	0.0741171425	0.0009005153	0.0446711336	0.20925848489999999	-0.09247365460000001	-0.0101782539	0.1341717483	-0.032689825	-0.0737407709	0.0829084865	0.0172787462	-0.09467559310000001	-0.0206322	-0.0023866999999999985	5.696336889999992e-06	0.00042568767683999996	0.0388393	0.002409299999999996	0.00150849122449	5.804726489999981e-06	-0.0174202	0.011113299999999996	0.00030346336804	0.00012350543688999992	-0.00113293	0.0	0.0	1.2835303849000002e-06	0.000843133	7.662700000000001e-05	5.8716971290000025e-09	7.10873255689e-07	0.000549463	0.000354154	3.01909588369e-07	1.25425055716e-07	0.0	0.0	0.0	0.0	0.0	0.0	0.0	0.0	0.0	0.0	0.0	0.0	0.0	0.0	0.0	-0.2321627523	0.2065426039	-0.1038493613	-1.025329672	-0.2339514822	0.7660611943	0.7536816014	-0.1932523532	0.8714647899	0.3656727276	1.068000011	-0.4983039082	1.491878515	1.917306943	-0.07806606217	0.8158084932	1.523231023	0.2614587856	-0.3158263945	-0.6331834451	-0.7496273767	-1.0636162	-0.2419485461	2.099310944	-1.056429171	0.8927245752	-0.04045461719	-0.5590856952	0.7733973049
916.4799421022743	2.6747845298465336	839935.4842757881	7.154472281106344	672.4579089613468	1.2500758451915317	452199.63932466705	1.5626896187313224	652.9689423794374	-0.8492328338174957	426368.4397121209	0.7211964060336943	1.439966	23.961451	0.05703380000000001	-0.0286272062	0.013459038999999999	-0.139303731	-0.0691643946	-0.0698620887	-0.1096868121	0.02043445	0.0082566827	0.0374666367	-0.1331762266	-0.0131743217	0.0612732532	-0.047407003200000006	0.0158152834	-0.0377375819	0.032288111099999996	0.0190877059	-0.0034939389	0.09654376279999999	-0.0212902315	-0.032377099900000005	0.1530009672	0.0363292955	0.0823502251	-0.0026536123999999998	-0.13351115	0.0528309537	-0.045268045	0.045533596100000004	0.0199743103	0.0827840326	-0.1717101327	0.0434667862	0.0783509831	-0.0153958953	0.12450082789999999	-0.0540347993	-0.0048698994	0.06440983480000001	0.0889507507	-0.0609949317	0.0435395872	0.09735069	0.021449594300000003	0.0561633988	-0.0982641443	-0.1373485331	0.1063330507	0.069076254	0.0647140785	-0.047568875999999996	-0.0157572282	0.0616186813	0.003857412	0.0790475212	0.026160609300000002	-0.0052084131	-0.0100383471	-0.1248668108	-0.0408711939	0.1367613772	-0.1725329179	-0.0576425532	0.0231737277	-0.0664322401	0.0510767131	-0.022426882999999998	-0.0867404418	0.110656412	-0.0188674323	-0.0451777634	-0.043812930099999994	0.0161436984	-0.0069915844	0.0644898825	0.0789666126	0.1087326453	0.0192348871	0.08030994080000001	0.019474640300000002	-0.0829532488	0.0207930432	0.1188480789	0.0197379993	-0.038634002	0.061654023499999995	0.1066246516	-0.046046807300000006	-0.0127237498	-0.0704527339	-0.0467031817	0.0538030213	-0.0868358374	-0.033065322700000004	-0.0610859699	-0.0724236893	-0.0555991352	0.11352972369999999	0.019389018799999998	0.011190231299999999	0.072347628	0.12085346029999999	-0.0297595359	0.012149376399999998	-0.037353495699999996	0.0225946421	0.1271523828	0.1286631331	0.1648330309	0.024524240299999996	0.0547132189	0.020541651	0.044645374	0.0799611013	0.018534041499999997	-0.0027984759000000002	-0.013294058700000002	0.14690532609999998	-0.1080678235	-0.0730558514	0.0060626201	-0.0028789005	0.0644213191	-0.0340162824	-0.0840461194	0.1278753642	-0.0341507793	0.0901828246	-0.061784119299999996	0.0204939331	0.1114918258	0.0376544881	0.0785384693	0.0742373405	-0.0051814263	0.1145255609	0.0090326652	-0.060864967	0.0183220012	0.10834870699999999	0.0253788494	0.11233691050000001	0.1769758868	-0.0625759817	0.01554632	-0.0055148506	-0.1083143933	-0.1383160257	-0.11472555279999999	0.060416825	-0.0925909624	0.0485541494	-0.0625740459	-0.0414297781	-0.0339931704	-0.0719301834	0.0849318525	0.0117841304	-0.09327700109999999	-0.0205485	8.369999999999905e-05	7.0056899999998425e-09	0.00042224085225	0.064019	0.02517970000000001	0.004098432361000001	0.0006340172920900004	-0.0350494	-0.0176292	0.00122846044036	0.00031078869264000004	-0.00100323	0.00012970000000000017	1.6822090000000045e-08	1.0064704328999995e-06	0.000750401	-9.2732e-05	8.599223824e-09	5.63101660801e-07	0.000489071	-6.0392000000000034e-05	2.3919044304099997e-07	3.6471936640000054e-09	0.0	0.0	0.0	0.0	0.0	0.0	0.0	0.0	0.0	0.0	0.0	0.0	0.0	0.0	0.0	-0.1816617906	-0.03193289881	-0.3162625189	-0.02579431474	-0.709665834	-1.281838354	-0.06323543695	-0.0101849449	0.8959615277	-0.6937943683	-0.07497654792	0.5411044391	-1.428282238	0.6543224669	1.735299508	-1.263532088	0.8702677247	0.2030338205	1.669049666	1.562748842	0.4483718915	1.091838185	-0.5646279465	0.3254470478	-0.8206536226	0.5769854909	-0.2384122833	-0.1416992753	0.87300974
913.8403240039823	-2.6396180982919764	835104.1377757034	6.967583704830548	671.4374382280968	-1.020470733250022	450828.2334543093	1.0413605174198377	653.0733065185781	0.10436413914067087	426504.74368710857	0.010891873538573313	1.236247	20.571512	0.09681315	-0.07895946690000001	-0.042531657	0.13772067640000002	-0.06639861059999999	0.0720981113	0.0088963624	0.0663976303	0.049335839699999995	0.0759546911	0.11378825279999999	0.0642511093	0.0629153256	0.0103681787	0.047988985199999994	0.0206532704	-0.0041983158000000005	0.021321378199999998	0.07885246509999999	0.0879874333	-0.0804401726	0.0568689425	-0.0107196164	0.14034682880000002	-0.1009086958	0.037008853700000004	0.010042594200000001	-0.0323820353	0.04727311309999999	0.014971143700000003	-0.0196684468	-0.0890161782	0.0476321658	0.051545111100000006	0.0233178187	0.0362230908	0.0551157068	0.0155562676	0.0113615151	-0.0227229808	-0.0580645174	0.0745640901	-0.07182753730000001	0.0332307787	0.025660554900000004	-0.18797544649999998	0.0105532856	0.1222299574	0.0712203532	-0.0027950366999999997	0.0128959175	-0.133981672	-0.0242426036	0.0327163197	-0.1592720651	-0.044416719199999996	-0.0327877139	-0.052930748	-0.032540839	-0.159521875	-0.12042283599999999	0.1205513476	-0.0871353394	0.046716863600000005	-0.08299655639999999	-0.0944205283	-0.0832151496	0.0432421017	-0.2060771562	-0.0987701526	-0.06842342900000001	-0.0215000248	-0.041560254399999996	0.0268275292	0.0684743743	0.057946926600000004	-0.0783906896	-0.0618864414	0.0071279074	0.0252894741	-0.0685678456	-0.0220655381	0.0960219867	-3.15956e-05	-0.0236448771	0.0317566625	0.09821697160000001	-0.155152738	-0.0384820682	-0.0592299696	0.0005227269	-0.0174487249	-0.020764303300000002	-0.11460640220000001	0.029015011299999997	-0.0337452295	0.008009284699999999	-0.0236176398	-0.1462460457	0.044941953099999994	-0.037422737000000005	0.091626291	-0.0301682029	-0.0086753976	0.0411326708	0.12235612929999999	0.1057262953	-0.0424543153	0.0027529282	-0.025919800299999997	0.0425400818	-0.0399343514	0.0093130922	0.05287269730000002	-0.0679870947	0.023466679700000003	0.0251893262	0.05353531809999999	-0.014511036299999999	-0.013810951799999999	0.20168901239999998	-0.0579772867	-0.1719522865	0.1208302278	-0.147458902	0.027663609300000003	0.07363383429999999	0.0929394372	0.1009121658	0.047121576500000005	-0.0570006466	-0.0947226797	-0.025253613199999997	0.0438486348	-0.0038264883	0.0620560514	0.072293255	-0.0248281771	0.015052208300000001	-0.035263510899999996	0.011838531499999999	0.1089546334	-0.0657543179	0.0549959258	-0.0761902498	0.0200099683	-0.0358995749	0.022042692000000003	-0.14006484460000002	0.036930565	0.0647191768	0.0269402737	0.039874875899999995	-0.0897568958	-0.07563215940000001	-0.0352893912	-0.0700592955	0.08679503220000001	0.0062500073	-0.0913898634	-0.025737	-0.0051884999999999995	2.692053224999999e-05	0.0006623931689999999	0.0364653	-0.02755370000000001	0.00132971810409	0.0007592063836900004	0.009729850000000005	0.044779250000000013	9.46699810225001e-05	0.0020051812305625005	-0.000979714	2.3515999999999898e-05	5.530022559999954e-10	9.598395217959999e-07	0.000541135	-0.00020926600000000005	4.3792258756000016e-08	2.92827088225e-07	0.000336019	-0.00015305199999999998	1.1290876836099999e-07	2.3424914703999995e-08	0.0	0.0	0.0	0.0	0.0	0.0	0.0	0.0	0.0	0.0	0.0	0.0	0.0	0.0	0.0	-0.3009516952	-0.270959482	-0.5715260083	-0.9809875792	0.2656002757	0.6639317573	-1.159498316	-0.250616475	0.01241465151	0.5941452464	-0.03109109501	0.6048673494	-1.113337225	-0.3368387967	1.073832829	1.097590915	0.1699472399	-0.7834471085	0.01350482674	-0.2369860209	1.713269986	0.5665877778	0.7255164503	1.844327871	-0.1278747953	0.9277327853	-0.5256498314	-0.8939976911	-0.2380065839
912.0490887527943	-1.7912352511880272	831833.5402948025	3.208523725098635	670.8768522720808	-0.5605859560159843	450075.7509144953	0.31425661408235506	654.1583520066085	1.0850454880304596	427923.14950000204	1.1773237110952584	1.21964	20.295166	0.11902615	0.028752849	0.0990369784	0.0090846404	-0.0015862807999999999	0.0682223721	0.070325702	-0.034338515099999994	0.0410127247	0.0417315604	-0.0335219609	-0.0714130132	-0.0188583829	0.083641673	0.0007130622	-0.07837051519999999	0.0195699412	0.049739514000000006	0.08987466289999999	-0.0184248048	0.0911720677	-0.0536458225	0.0403716314	0.151405122	0.0561336203	-0.0185870136	0.10562724849999999	0.0718543212	-0.09595995800000001	0.035038884	0.08486014300000001	0.0453959987	-0.0585011164	0.011463225300000001	0.0123830091	-0.0069665537	0.0323230543	0.05952039610000001	0.0078562918	0.0272430221	0.10457592119999999	0.0244005464	0.052653618099999994	-0.1359665853	0.0268001901	-0.0513888578	-0.0923155717	0.0020184366	-0.0833222621	0.036274938	0.0126089967	-0.19014228579999998	0.0626453792	0.0659593391	-0.11486299230000001	0.029450228399999997	0.055113402	0.1069850331	-0.0018706594000000001	-0.002123582	-0.037322527200000004	-0.051784713600000004	0.005899447800000001	-0.0303616318	-0.10107527150000001	0.06904298769999999	0.0398390495	-0.08689149460000001	0.0261749418	-0.184089152	0.0039800101000000004	0.04606258269999999	0.04948967889999999	-0.0511322838	0.042262750099999996	-0.06235730940000001	0.059829484400000014	-0.0213061208	-0.126388215	-0.06105198	0.027751150099999997	-0.0092528289	-0.0019702221	-0.0681293032	0.0240536233	0.0144148875	0.058642364599999997	0.0347432593	-0.0709040928	0.010139771	-0.027874382799999996	0.1337639377	0.0051676968	0.0071566305	0.09041705369999999	0.0026665852	-0.049926128099999995	0.030216282799999997	-0.0800828981	-0.048424681	0.0739834625	0.029960701200000002	0.1446350409	-0.10927669640000001	0.013797933600000001	-0.0865598681	-0.0561545955	0.008265315	0.07887954230000001	0.0474827251	0.0173228842	-0.1009659173	0.10573720910000001	0.0324806647	0.0616733545	-0.0526258874	-0.0090896174	-0.008683024000000001	-0.0482738875	-0.050310421699999996	-0.0034709757	-0.0069579343	0.052039532699999995	0.0763507103	-0.0549891683	0.0890295679	0.1256003183	-0.0058317598	0.0419151403	-0.0180540155	-0.042448039900000005	-0.1181590351	0.11701947789999999	0.0098904102	0.0559290928	-0.009904473	0.14093030039999999	0.1240602821	0.0623285835	-0.10190969039999999	0.0324992223	-0.0206333668	0.042896772199999995	-0.19368274789999998	0.023189046600000002	0.0966359215	0.053619900199999994	0.039919489100000004	0.13156006480000002	-0.0193744954	0.057423853899999995	-0.012544351499999998	0.0632434184	-0.0646622324	-0.0630050094	-0.0365782156	-0.0681296754	0.0884945117	0.0006949307000000001	-0.089024064	-0.017640699999999995	0.008096300000000004	6.555007369000007e-05	0.00031119429648999986	0.0151965	-0.0212688	0.00023093361225	0.0004523618534399999	-0.0506874	-0.06041725000000001	0.00256921251876	0.0036502440975625006	-0.000674059	0.00030565500000000005	9.342497902500004e-08	4.5435553548100005e-07	0.000710441	0.00016930600000000004	2.8664521636000014e-08	5.047264144810001e-07	0.000226104	-0.000109915	5.1123018816e-08	1.2081307225000002e-08	0.0	0.0	0.0	0.0	0.0	0.0	0.0	0.0	0.0	0.0	0.0	0.0	0.0	0.0	0.0	0.004896080668	0.1004324394	-0.06556626075	-0.2932412085	-0.3020742498	0.7650921456	-1.027087865	-0.1937920874	1.814321173	-0.147597084	0.9395793731	-0.2079693592	-0.5425785898	-0.1946172179	-0.1300139805	-1.44570383	1.165137683	-0.4726304475	0.9669048746	-1.241667444	-0.2750416436	-1.345447233	-0.2917345966	0.3570640122	-1.038741946	0.3234703165	-0.1202039952	-0.04596729421	-0.2494136453
917.3282956927801	5.27920693998567	841491.2020786204	27.870025915192862	672.3688438278639	1.4919915557831018	452079.86215041846	2.226038802528081	654.4507603298242	0.2924083232156818	428305.797696285	0.08550262748580661	1.090935	18.153469	0.1527691	-0.0616171966	-0.0894332225	-0.044118189	0.0675752127	0.09718940949999999	-0.0873672543	0.022826547200000002	0.0043680044	0.0246724521	-0.0006893461999999999	0.0011895685	-0.0427149887	0.0442021171	-0.013025298700000002	-0.0236583237	-0.052364723499999995	0.063196855	0.1311079766	-0.0775238227	-0.0342701049	0.041901532000000005	0.0578430758	0.0873262376	0.056179415	0.0468459656	0.017560543799999998	0.11004176289999999	0.0121873354	0.0462633066	-0.10067106640000001	0.058541327699999986	-0.0430969707	0.134359494	0.017461723000000002	0.024284375499999997	-0.023911459	0.1076693289	-0.0113873162	-0.0032070077000000002	-0.030378665899999997	-0.0352288204	0.023248587299999998	-0.0745405963	-0.0813227042	-0.0002960645	-0.1096307444	0.0582670384	-0.08212892320000001	-0.1012776132	-0.1117297609	0.007166372	0.1771132547	-0.0400587853	0.0475007835	-0.061660488799999996	0.0258517043	0.022407673599999997	-0.0500762663	0.011127118500000002	0.09399723310000001	0.0626079905	0.0384223068	-0.15507747789999998	-0.0669743445	-0.060195998099999995	0.0219766243	0.0602987959	-0.0223125138	-0.1138992311	0.2242356852	-0.0106061675	0.09155751	0.1191072929	-0.0195087479	0.09758418529999999	-0.0168227571	0.0293963784	0.0191577078	-0.0690245504	0.0423660146	0.09551502449999999	0.029997724500000007	0.081009186	-0.0065725288	0.0014373245000000002	0.0597889328	-0.0377120717	-0.020088753600000002	-0.0026757047	-0.052748152300000004	0.0794197025	-0.0313885951	-0.031012334500000002	0.09015184789999996	0.0249489015	0.0204484543	0.0388136494	0.021261637000000003	0.0153837288	0.0083387133	0.0622523304	0.0089619749	-0.10313466980000001	-0.0732225444	-0.0236783215	0.0244259104	-0.0121687683	0.1147792849	0.0207509973	0.0752282846	0.0038291863	0.032726604	-0.026972637799999997	0.103931256	0.032991920200000004	0.0799793245	0.1630941344	0.0399025947	0.0112934943	0.06284779809999999	-0.037425283	-0.09260953529999999	-0.2038139764	0.0645507086	0.048104645700000004	0.0745318586	-0.2064935013	-0.0537426307	0.0617497751	-0.112464689	0.0032444565000000003	0.08718841599999999	0.048718128	-0.08678997210000003	-0.0043431921000000005	-0.08533710359999999	-0.0090070224	0.068554517	-0.0434134066	-0.026738855899999997	0.07239047009999999	0.1159287537	-0.09169736769999999	0.046584516799999996	-0.032813076000000004	0.1647242239	-0.0313083333	0.0498814037	0.1458675156	0.0757521976	-0.0239279633	-0.1489751057	-0.08848967960000001	0.0423235319	-0.037859373599999996	-0.0661429408	0.0900270856	-0.0048624758	-0.08619199400000001	-0.033424800000000005	-0.01578410000000001	0.00024913781281000026	0.0011172172550400004	0.0671056	0.0519091	0.0045031615513600005	0.00269455466281	-0.0504365	0.00025089999999999835	0.00254384053225	6.295080999999918e-08	-0.00183579	-0.001161731	1.3496189163610001e-06	3.3701249241e-06	0.000901339	0.0001908979999999999	3.644204640399996e-08	8.124119929209998e-07	0.000569975	0.00034387100000000004	3.24871500625e-07	1.1824726464100001e-07	0.0	0.0	0.0	0.0	0.0	0.0	0.0	0.0	0.0	0.0	0.0	0.0	0.0	0.0	0.0	-0.04341023072	0.3537785665	-0.2443109805	-0.3842316583	-0.7771283754	-0.6616850766	0.1307360984	-0.4048449566	0.8287463656	-0.2376641434	-0.01147266726	0.2150924154	-0.9210075415	-1.516401403	1.48736656	0.0675660401	0.1336563272	0.05303542241	-0.2710027742	0.3699190409	1.435186699	0.8489652163	0.1308792348	1.279395206	-0.6856362441	1.480760274	-1.325268032	1.449290541	-0.08292884951
916.436993415484	-0.8913022772959494	839856.7629004121	0.7944197495129454	672.8123947775345	0.4435509496705663	452676.51856628095	0.19673744495366124	654.9774947068006	0.5267343769763784	428995.518572397	0.2774491038886935	1.2389059999999998	20.615746	0.1081955	0.0087732782	-0.038977358999999996	0.0200203079	0.1200652703	-0.0516046124	-0.034102982999999996	0.033257703300000004	0.022930306	-0.11101191099999999	0.07581209059999999	0.078439049	-0.0006365385	0.0243903669	-0.048529282199999996	-0.0266563527	-0.0350078359	0.0169086073	-0.1019269711	0.056734310499999996	0.0981562958	0.031643372	0.0040266935	-0.0207541262	-0.0212626782	-0.0702462105	0.0104660213	0.0037803093	0.0377901245	-0.1117523789	0.1229256726	-0.0728504896	0.1126794899	0.0162137978	0.0101933917	-0.1243664341	0.0818351767	0.154365719	-0.06027477360000001	-0.0663741724	0.0909149703	0.038966615	0.0468666494	-0.103005049	-0.09548512560000001	-0.037510169700000005	0.020345155400000002	0.002318451	-0.0019028353	0.022907487200000003	0.007153289	-0.0735247009	-0.014441293899999999	-0.0183174352	-0.030283647	0.04788328309999999	0.11629344400000001	0.0402341035	-0.1102429657	0.0898819318	-0.030593123700000002	-0.0985202437	0.0791560775	-0.0669234865	0.0107979841	-0.0672399485	0.0831862163	0.0273637402	0.0276105658	0.0717045633	0.0391722999	-0.0912507122	-0.0206453019	-0.0636931435	-0.0353917396	-0.0162480926	-0.1005228692	0.0540657244	0.0610971966	-0.0303985548	0.0118563796	0.004212789099999999	-0.0870609046	0.0431768408	-0.0282987467	0.07877332150000001	-0.082981641	-0.08959741789999999	0.048315869500000004	-0.0005750387000000001	-0.0304400672	0.0206253118	0.0046903629	0.032492554300000004	-0.048290219800000006	-0.0177330459	-0.11133455390000001	0.016050301200000002	0.0085652477	0.07245011700000001	-0.0102197957	-0.1298168558	0.026018999100000002	0.046639819000000006	0.07843878230000001	0.0148797845	0.015192223700000004	0.026890163199999997	-0.0813703161	0.058546017199999995	-0.1326633697	-0.17182719149999998	0.062087788899999996	0.0510342048	-0.1237405689	-0.0331035691	-0.0320475485	0.039653854599999996	-0.1344467832	0.0126776957	-0.0056190312	0.0814753833	-0.0156945057	0.031916849500000004	-0.0651259495	0.0952160027	-0.014668545	0.06403655379999999	-0.0442688584	0.0016020054999999998	-0.0042390345	0.059095988499999995	0.1127415916	-0.044581704400000005	-0.0629310412	0.0590804923	-0.0954267702	0.0519461821	0.1465122419	-0.0824234966	-0.0230314904	-0.009905167099999999	0.0682812846	0.023313595099999997	0.06289788730000001	-0.0470799951	-0.06289160860000001	0.0271977905	0.0028917678000000002	0.030561032999999998	-0.0394634729	-0.0973528145	-0.0092508215	-0.0035908338	-0.0178799468	-0.0391325966	-0.0641007573	0.0913898634	-0.0104035805	-0.0829084865	-0.0145748	0.01885000000000001	0.0003553225000000002	0.00021242479504	0.0247634	-0.0423422	0.0006132259795600001	0.0017928619008399996	-0.0164518	0.033984700000000014	0.00027066172324	0.0011549598340900005	-0.00182851	7.279999999999918e-06	5.299839999999879e-11	3.3434488201e-06	0.0008560639999999999	-4.5275e-05	2.0498256250000004e-09	7.328455720959998e-07	0.000362158	-0.000207817	1.31158416964e-07	4.3187905489e-08	0.0	0.0	0.0	0.0	0.0	0.0	0.0	0.0	0.0	0.0	0.0	0.0	0.0	0.0	0.0	-0.2717378031	0.3780254237	-1.032009728	-1.425381337	0.7757277446	1.399103906	0.09805267595	-0.1380051537	0.1533634102	0.6327216929	0.04860778353	-0.62292709	0.1617162598	1.879869052	1.315558625	0.6465069202	-0.05060441886	-0.05701204373	-0.06852453801	-0.3483880235	-0.353496979	0.3180270589	1.108346109	1.325018107	0.2032949336	1.952829317	-0.749213647	-0.2701000102	-1.046275161
913.4017675905023	-3.0352258249816937	834302.7890374541	9.212595808635808	671.3313325921117	-1.4810621854227293	450685.7581199005	2.1935451970891506	653.9373139105833	-1.040180796217328	427634.0105245887	1.0819760888193144	1.165298	19.390902	0.0916417	0.0310622417	0.08273788929999999	-0.0501223584	-0.0113607158	-0.0273910635	0.06684717400000001	-0.0428379045	0.0186380656	-0.0332128821	-0.09861930949999999	0.0200886084	0.0269873694	-0.0825122503	-0.0219636525	0.0016158792999999999	-0.046571136	-0.0729706918	-0.006322966	0.0993826211	0.0098111256	-0.0088229459	0.0150647004	0.0629503942	0.0057748288	-0.0265084156	0.0507199177	0.0033908889	0.019805601399999997	0.0199675048	0.1792194254	-0.0077365972	-0.0292586946	-0.0527583368	-0.154111604	0.0090355823	-0.0283079666	0.0304786818	0.0772896491	0.019038498600000002	0.1547084222	-0.0283573093	0.0507098444	0.0049730638	-0.0321671582	0.0502001482	-0.049407367800000004	-0.0384897877	-0.0730290377	-0.082182376	-0.015001958700000003	-0.06215847450000001	0.05816116	-0.0178764855	-0.0027440063	0.1124865417	-0.0067652913	-0.058091648899999994	-0.014011651399999998	0.0560514626	0.0861924219	0.0512813254	-0.0501706707	-0.1490311776	0.0406976414	0.0548586007	0.0113610684	0.011412640600000001	-0.1003189358	0.0494153529	-0.0236681252	0.0812888921	0.0846899209	-0.1825543973	0.0063118175	-0.0834450979	0.0791501474	0.0423425671	0.0066322570999999995	0.0486668579	-0.04257168099999999	0.0033477633000000002	0.0139786525	-0.0676900096	0.015764203	0.0203320317	-0.0060702837	0.0922846477	0.048924755599999994	-0.0472543179	-0.0622776033	-0.0816089943	-0.04497269	0.0268352283	-0.0406508769	-0.0963130049	-0.0408824418	0.0038252734000000003	-0.0659000809	-0.015511009499999999	-0.0086293911	0.030984910299999998	0.0791975982	-0.045244490899999996	0.1608429918	-0.0089588887	-0.0275526767	-0.1305731642	0.0185551669	-0.0186812157	-0.0545319467	0.0040722159	0.1118581016	0.017223048600000002	0.0471444403	0.0874723417	0.059668523200000004	0.0518761331	-0.0398770316	-0.0710355276	-0.090747855	0.1283744796	0.1051676091	-0.0766742232	0.0104302791	0.0032543271999999996	0.056549242199999995	-0.0345242013	0.0583850304	0.021555766400000002	-0.0220836514	0.0707279105	0.014365602199999999	0.0783778871	-0.021865714100000003	-0.0381080769	0.0008022032000000001	-0.1031126668	0.0284000139	-0.0405739047	0.05267714440000002	-0.035700626	0.061040876699999996	-0.021926481499999997	0.0593058028	0.0380444707	-0.0394660671	0.18022360629999998	-0.0178957554	-0.0643342214	0.0190306721	-0.0026801217	0.0544905103	0.0300429406	-0.0673406525	-0.0403976177	-0.0620048368	0.0925802748	-0.0159098063	-0.0791907393	-0.00920164	0.0053731599999999975	2.887084838559998e-05	8.467017868960001e-05	-0.00513424	-0.029897640000000007	2.63604203776e-05	0.0008938688775696002	-0.0444705	-0.0280187	0.00197762537025	0.0007850475496899999	-0.0014494000000000002	0.00037910999999999983	1.4372439209999983e-07	2.1007603600000005e-06	0.000688967	-0.00016709699999999995	2.7921407408999986e-08	4.74675527089e-07	0.000341321	-2.0837000000000007e-05	1.1650002504100001e-07	4.341805690000002e-10	0.0	0.0	0.0	0.0	0.0	0.0	0.0	0.0	0.0	0.0	0.0	0.0	0.0	0.0	0.0	-0.09881991893	0.5045914268	-0.1367659635	-0.2994524213	0.3877022003	0.7656189788	0.1839079	-0.1262527923	1.045299888	-0.1438794869	1.582087734	-0.7115400247	-0.6468202066	1.762747427	0.6173581584	-0.8175776584	1.396690248	-0.08010242232	1.957418749	-1.284671646	-0.6716659634	-0.3609567572	0.3471688189	-0.3739334619	0.1798032938	1.002180246	0.469705529	0.8888030047	0.8851369899
917.9630176000812	4.561250009578885	842656.101681447	20.805001649883376	672.3634474010584	1.0321148089466303	452072.6054010358	1.0652609788469396	652.8275123358222	-1.109801574761036	426183.7608625781	1.2316595353420756	1.325246	22.052469	0.06586157000000001	-0.07976058230000001	-0.1172597714	-0.0422068399	-0.0243581436	0.08607984839999999	-0.1171375933	0.0179378758	-0.020157206299999997	0.056182484500000004	-0.022359331	0.00032088040000000003	-0.0100521485	-0.057572930599999995	-0.012000751100000002	0.045790888099999996	-0.0150968856	0.012553971	0.0320985055	-0.022477553799999998	0.05369320440000002	0.09185445310000001	0.1626302224	0.0476700211	0.0406497308	0.08590469949999999	-0.0465230325	0.0123497973	0.0917022192	-0.0020497057	-0.0009806308	-0.021959741600000002	-0.0456057322	0.0373589865	-0.022233074199999998	0.09813262310000001	-0.0984277067	0.0919816517	0.0831958274	-0.0361879223	0.04961620480000002	0.11508635449999999	-0.0039964739	-0.0508307692	-0.029188752400000007	0.147252985	0.0421226385	-0.073087903	0.1318277775	-0.126436918	0.13409155109999998	-0.0301995735	-0.0715199777	-0.0121254643	-0.09899552730000001	-0.040905090299999995	-0.0024795653	0.0686619416	-0.0340620425	-0.0207432594	-0.012106523000000001	-0.015384683500000001	-0.0550175962	0.0283990155	0.0226054682	0.0901412212	0.061252243899999996	-0.1132348789	0.16149335310000001	0.0524297665	-0.0056158089	-0.0466953061	0.0462106921	0.0739956269	-0.024982758799999998	0.12709158199999998	0.005589497	0.017000141899999998	0.0559045267	0.0288733627	-0.0283763604	0.0944517994	0.0767415296	0.1116349609	0.013435208799999999	-0.0520428892	0.056131445999999995	0.0142360459	0.031149172000000006	-0.0103157296	0.005337071800000001	-0.039218371	-0.0027912858	0.0199159521	0.00047750440000000004	0.0033259786	-0.033083371	0.0555746688	0.0042959836999999996	0.0457014004	0.1409849409	0.060678464400000014	-0.0067341627	-0.0416286144	-0.0075068036	-0.069342745	0.0652572399	-6.40196e-05	0.19265027440000002	-0.0874197345	-0.0067332592	-0.0080634929	0.1038039449	-0.095447202	-0.1143079395	0.0680866175	0.0445121298	-0.056584758099999986	-0.022687633399999997	-0.028790981099999998	-0.11843071359999999	-0.0059215024	-0.079364025	-0.0410862529	-0.1029347352	-0.0823478491	0.0257772683	0.1886133434	-0.029773472599999996	0.04220818230000002	0.0168392653	0.0152313727	-0.0112094823	0.0227078804	0.0001247911	-0.0754909795	0.0164571613	-0.021874585499999998	-0.026119493900000002	0.1554295252	0.0169393893	-0.1550957001	0.0050130782	-0.0383369805	-0.025209864900000004	0.0415808833	0.0052391245	0.0138180853	0.019884715	0.0664620289	0.009396474699999999	-0.0089037742	-0.0784587809	-0.0401871907	-0.004929964199999999	-0.0416541719	-0.0598569364	0.0935960747	-0.0213626933	-0.0750582242	-0.00557196	0.0036296800000000006	1.3174576902400005e-05	3.10467382416e-05	0.0438422	0.04897644	0.00192213850084	0.0023986916750736	-0.0369497	0.007520800000000002	0.0013652803300899994	5.656243264000002e-05	-0.00151362	-6.421999999999982e-05	4.1242083999999765e-09	2.2910455044e-06	0.000660405	-2.856199999999999e-05	8.157878439999994e-10	4.36134764025e-07	0.00031941	-2.1910999999999997e-05	1.020227481e-07	4.800919210000001e-10	0.0	0.0	0.0	0.0	0.0	0.0	0.0	0.0	0.0	0.0	0.0	0.0	0.0	0.0	0.0	-0.0830148155	0.1976432116	-0.1869123572	-0.2345857867	-0.6448397328	-1.134779061	-0.08619511715	-0.3444417195	0.06861926453	-0.680597427	0.0067104255	0.6688139698	-1.551623262	-1.012032843	1.907447953	1.08815192	-0.003702901595	0.9600358018	-0.3210923649	1.396328318	2.227312241	1.850386293	0.4125260375	0.3104996743	-0.6029504368	1.756892156	-0.7694244872	1.315178942	0.05067874742
914.6305447330079	-3.3324728670733066	836549.0333585987	11.105375409779782	671.7630306757628	-0.6004167252955313	451265.56938268594	0.3605002440146095	653.5166433286457	0.6891309928234932	427084.00310754037	0.4749015252698934	1.415931	23.561504	0.097835728	0.038106492900000004	-0.031979200299999996	0.0663854584	-0.0045756024	-0.137692181	0.00021582220000000002	0.0058045964000000005	0.0009856641	-0.0714188582	0.10425307449999999	0.0970476559	0.0561237771	0.0235694696	0.0732743939	-0.0320866333	0.0164949585	-0.0411156814	-0.1372965725	-0.0150740882	-0.0097164957	0.1439544904	0.0126557602	0.014567077900000001	-0.0634553498	0.07628273940000001	-0.10145468949999999	-0.024945938799999998	0.0799136572	-0.09625517630000001	-0.0337574862	-0.033697206800000004	0.0507263624	-0.0936915793	0.0302489277	0.0295395073	0.0219069459	-0.0073153498	0.0393470498	0.050925968499999995	0.18583473539999998	-0.0969873283	0.047533756399999995	0.021149875099999996	0.0520023473	-0.0024946739	-0.0858815828	-0.048950987300000005	-0.030225031099999997	-0.1295952871	-0.027699704199999998	-0.15070930429999999	-0.029771321099999998	0.0318370481	0.0743228525	-0.1296777179	0.00047562870000000004	-0.0185839041	-0.0678874621	-0.0175174665	0.0281138038	-0.1381979559	-0.06571355820000001	0.14142286869999998	-0.0647544708	0.0013491958	-0.076519596	0.0062431166	0.0208849243	-0.17362073949999998	-0.057706227699999994	-0.1481015437	0.093683769	0.083829748	-0.026222411600000002	-0.0168041496	-0.0930636439	0.0051897095	0.0540197711	0.0135377748	-0.036225914	-0.11063805970000001	-0.05468096980000002	-0.0035009744	-0.0032297662	0.0394409083	-0.0926822568	-0.1362617619	-0.046076468899999994	-0.09552283939999999	0.022447247200000003	-0.0308911825	0.08233766370000001	0.0402383023	-0.15515763300000002	0.031236842200000007	-0.005802316	0.09090633199999999	-0.039239498	0.0597000237	0.1034470118	0.014846267199999999	-0.0935137189	0.043395417900000004	0.0677254714	0.0586221571	0.1729837193	0.0099901929	-0.0613287704	0.0451939131	0.0018041112	-0.0140262394	0.041109857799999996	0.12198590880000001	0.040038181400000004	0.08579084449999999	0.0385754393	-0.087187943	-0.0532986783	-0.0869837317	-0.1633490363	0.0894497152	-0.0508431734	0.0419052026	-0.024592201299999998	0.0241173558	0.1258690854	-0.0784435332	-0.1354410848	-0.0166121052	-0.0067495404	0.023146501	-0.0731594768	-0.09702772929999999	-0.12195554900000001	0.0663217633	0.0590001687	0.062316154299999996	-0.056327955	0.0446228854	-0.019613969	0.0508846158	-0.08832597519999999	-0.09193121609999999	-0.17143945579999995	0.1309786811	0.004627940200000001	0.0020885047	-0.0174792501	0.0462430079	-0.05513967	0.0425584256	-0.0558096268	-0.109261699	0.029304112900000002	-0.0429019957	-0.0576588568	0.09443534710000001	-0.0267439602	-0.0705325857	-0.000252932	0.005319028000000001	2.8292058864784e-05	6.397459662399999e-08	-0.0051428	-0.048985	2.6448391840000007e-05	0.002399530225	-0.0164095	0.020540199999999998	0.00026927169024999997	0.0004218998160399998	-0.00179954	-0.00028592000000000005	8.175024640000003e-08	3.238344211600001e-06	0.0008128039999999997	0.00015239899999999968	2.3225455200999903e-08	6.606503424159994e-07	0.000340921	2.151099999999999e-05	1.1622712824100001e-07	4.627231209999996e-10	0.0	0.0	0.0	0.0	0.0	0.0	0.0	0.0	0.0	0.0	0.0	0.0	0.0	0.0	0.0	-0.2876763537	0.3382890159	-0.6380529926	-1.255663296	0.6184879611	1.080191639	-0.6563732537	-0.17082542	0.5452454374	0.5131221458	0.8454667551	-0.8692579927	0.6320527694	2.220240837	0.5891400687	0.3797853663	-0.7995618578	-0.5818942742	-0.8510280441	-0.07911007317	-0.7881886637	0.7814505519	0.479061346	1.132160245	0.3779734707	0.653859831	-0.4012707259	-0.6664943403	-0.3075985704
910.809984030972	-3.8205607020358907	829574.8270104995	14.596684077940981	670.3241039835676	-1.4389266921951958	449334.4043813728	2.0705100255118083	652.8318481341006	-0.6847951945451314	426189.4219381854	0.4689444584721043	1.229949	20.466707	0.07447061299999999	0.0541694905	0.0954835123	-0.0022950509	-0.0742182964	-0.0065947574	0.0944799482	-0.0839343035	0.0322256544	0.0331701731	-0.062130507	-0.0195452591	0.0612923619	-0.0270539147	0.0367374357	-0.09404930759999999	0.0571179041	-0.0625374967	0.0190993917	0.0078035415	0.0134266581	0.11705594119999999	-0.054471697400000005	0.057217886399999994	0.0260925262	-0.0373436974	-0.0528715979	0.05032979059999999	0.0411617703	0.014671853700000001	0.0382753826	0.0620401133	0.0431318389	0.0318855226	0.08384276360000001	-0.050783699800000005	-0.0302165538	-0.0740300328	-0.0198325623	0.0314951443	0.089540001	0.0098792689	-0.0832177607	-0.0405735937	0.11225652970000001	-0.0615364255	-0.11693919050000001	0.0033685028000000005	0.0621387128	0.08590092630000001	-0.0186282569	-0.0743073281	-0.0383863136	-0.10474299810000001	0.038359846	0.0598365201	0.0238710579	-0.0227663344	-0.0855749435	0.0774540147	0.0356361117	0.1534966	-0.105125985	0.022995871299999998	0.043634029500000004	-0.0786101565	-0.0065779616	0.0084312542	0.02115539	-0.019270874	-0.0593328911	0.017503192600000002	-0.17866908899999998	-0.0724453202	0.0183739945	-0.08346943230000001	0.0945705078	-0.011615811399999999	-0.06118765070000001	0.0254760839	-0.038359142799999996	-0.0745490575	0.0711785591	-0.1064651002	0.0654095735	-0.0075572553	0.0240763281	0.063307979	-0.0257648565	-0.0578250488	-0.0570933516	0.025865329700000002	0.1167090051	-0.0151570897	-0.0123450785	-0.09789479640000001	0.0475305726	0.1538454931	-0.0005454986	-0.0065579949	-0.008511485400000001	0.0062310776	0.0272734248	-0.0145386331	0.0231089345	0.0247678768	-0.0519689248	0.1307188949	0.0176582321	0.0302618758	0.0510367653	-0.0095946529	0.014456783400000001	0.08396466720000001	0.06640136769999999	-0.0480170408	0.1106823679	-0.12067088210000004	-0.0515306871	-0.0129427748	0.06823539599999999	0.0438180154	0.0022929378	0.11456126109999999	-0.0113303103	0.0022419929000000003	-0.054185999900000004	-0.070491942	0.045113819400000005	0.10822722779999999	0.0106695834	0.1416225212	0.020287862099999998	0.06531259889999999	-0.0253859132	-0.0247630349	-0.10280610050000001	-0.0950673824	0.051782851100000006	-0.019113543	0.0122900353	-0.0771937242	0.0267897416	0.08071446019999999	-0.0455462451	0.0581766223	-0.0824776542	-0.048375040099999995	-0.0084773825	0.0584250087	0.0415474353	0.1381512644	0.1306710368	0.030342640499999997	0.0265832098	-0.044140827699999996	-0.0554124405	0.09509650929999999	-0.0320355658	-0.0656375272	-0.00022584900000000005	2.708299999999996e-05	7.334888889999977e-10	5.100777080100001e-08	-0.00290742	0.0022353800000000004	8.4530910564e-06	4.996923744400001e-06	-0.045521	-0.029111500000000002	0.002072161441	0.00084747943225	-0.00106239	0.00073715	5.433901225e-07	1.1286725121000002e-06	0.000780697	-3.2106999999999644e-05	1.030859448999977e-09	6.09487805809e-07	0.000248245	-9.267599999999998e-05	6.162558002500003e-08	8.588840975999995e-09	0.0	0.0	0.0	0.0	0.0	0.0	0.0	0.0	0.0	0.0	0.0	0.0	0.0	0.0	0.0	0.03746403244	0.2600985751	-0.1268192496	-0.291013702	-0.188119913	0.7401876073	-0.7028967496	-0.2163384672	1.112793727	0.1761157982	1.36862204	-0.6492145221	-1.490886888	0.7679553335	0.07881617476	-0.3490350368	0.9838739246	-0.6070236234	1.007198035	-0.8542258335	-1.13364791	-0.9310174821	-0.1732297271	-0.5636799419	-0.6130662661	-0.5614970473	0.7334409909	0.1619716438	0.7488584164
915.6083587724561	4.798374741484054	838338.6666539906	23.02440015971216	671.6802613735532	1.3561573899855832	451154.3735188448	1.8391628664125088	652.7487761350762	-0.08307199902435514	426080.96474583994	0.006900957021902461	1.140363	18.975967	0.07731884699999997	-0.0819486311	-0.0839942445	-0.0271527485	-0.0101805713	0.0747608055	-0.0773921865	0.0095475939	0.005861679	0.10829351460000004	0.032601870899999996	-0.0546759617	0.0037519771999999997	0.0303458331	0.034579695699999996	-0.012481123899999998	0.005401314399999999	0.08662209679999999	0.024561824500000003	-0.0588566446	-0.022114964700000003	0.1547973118	-0.0139040052	0.0738241978	0.08927937779999999	0.0057717575	-0.09776047369999999	-0.009101374399999999	0.095872099	0.1271709535	-0.08233119950000001	0.0645289377	-0.0972697967	0.1095343223	0.0676436354	-0.035240748100000004	-0.0186725042	0.0936117808	0.0471751679	-0.0095088508	-0.0182010309	0.0664027472	0.0465714995	0.17612478239999999	-0.12583034699999998	0.1089462354	-0.0717925048	-0.0336254662	0.0509429361	-0.0366890253	-0.2017248986	0.055706234900000005	-0.0600235676	0.0436846486	0.0027577018	0.0222700795	-0.0026376811	-0.0022759415	-0.006623330699999999	0.1597336506	-0.053663412699999996	-0.038574643	0.068326722	0.0064071334999999995	0.0260668481	0.047492672699999995	-0.1058074685	0.0239008888	-0.0182347517	0.0750528993	0.0549738538	0.0028252001	-0.1587278564	-0.10242993199999999	0.0030496733000000002	0.1370587463	0.020839516000000002	-0.015066178000000001	-0.0274107237	-0.024259770099999998	0.0364714727	0.0564952499	0.0451959096	0.0607359118	0.024904560200000002	-0.035624244900000004	0.102487466	-0.0299467384	-0.0621401079	-0.002292813	-0.0002326117	0.07428861440000001	0.056414824	-0.0818279429	-0.0505518458	0.042524185	0.049333057	0.1445449475	0.0471496783	-0.0753994559	-0.13701103720000002	0.11872674429999999	-0.0642060041	-0.0217435246	-0.0480065958	-0.0507452041	0.0137197564	0.1126042674	0.0793092146	0.0427600743	-0.0375781291	0.0716510695	-0.0636306125	-0.053604036699999996	-0.1367606062	0.0477230943	0.054390882300000006	0.1129624608	0.055811619699999995	-0.0056099686	-0.1535252419	0.1031214542	-0.1160335134	-0.1494179767	0.0364387058	-0.0284241047	-0.1115140968	-0.0818966397	0.0359892923	0.10358634650000001	0.0802402074	0.0281011428	-0.0383728459	-0.1306406653	0.036788554300000005	0.091811949	0.0634012878	0.07243885259999999	0.06335688639999999	0.050400888399999996	0.1305201746	0.0054477564	0.05857181230000001	-0.0858692626	-0.017004238	-0.1134213541	-0.1458528115	-0.0288171242	-0.042851256	-0.012937130500000001	0.0475580704	-0.0013679368	0.0302727858	0.19406491329999997	-0.0422027933	-0.045370408099999995	-0.053119570899999996	0.0955783141	-0.0372197698	-0.06039868690000001	-0.000190472	3.537700000000001e-05	1.2515321290000008e-09	3.6279582784000015e-08	0.0361993	0.039106720000000005	0.0013103893204900006	0.0015293355491584006	-0.0461064	-0.0005853999999999997	0.00212580012096	3.4269315999999977e-07	-0.0016246399999999995	-0.0005622499999999994	3.161250624999993e-07	2.6394551295999984e-06	0.000822137	4.144000000000001e-05	1.7172736000000007e-09	6.759092467690001e-07	0.000396382	0.00014813699999999995	1.5711868992399995e-07	2.1944570768999985e-08	0.0	0.0	0.0	0.0	0.0	0.0	0.0	0.0	0.0	0.0	0.0	0.0	0.0	0.0	0.0	0.06200019795	0.3008916144	-0.3913743114	-0.3361318842	-0.8585159493	-0.9513351683	-0.5994313631	-0.4219344764	0.3940805714	-0.07238183931	0.06805858563	0.2695786913	-1.153417365	-1.438969935	1.311346393	0.6460214162	0.2316421665	0.1464861488	-0.8295428429	1.031354345	1.164208708	1.056621878	-0.7272850877	0.4995183759	-1.257955129	0.8929881371	-0.6409927569	-0.5394982308	0.3181189729
913.0210514725162	-2.5873072999398796	833607.440431979	6.694159064322193	671.1687331130059	-0.5115282605472657	450467.4683085174	0.2616611613385114	653.0864642491771	0.3376881141008425	426521.9297854917	0.11403326240498365	1.163242	19.356678	0.05385325199999999	0.018779501	-0.0231961833	0.0565902353	0.10386246060000001	-0.0712838879	0.027089677799999996	-0.0158593232	0.015088096100000004	-0.0060942314000000004	0.1034256491	0.0489795437	0.0182269361	0.1077762211	0.048944958600000005	-0.099165191	-0.014018510900000001	0.0811839597	-0.0797956657	0.0375295531	0.0138346882	0.0249383667	0.016504548600000002	0.006946195400000001	0.0132969689	0.014223406200000004	-0.0634067475	-0.0970375709	0.0113936504	0.0124717586	0.18001937269999999	-0.0934499682	0.0211339657	0.0102682149	0.048170448899999996	-0.0215595469	0.09168139089999999	0.0385002511	-0.0852183739	0.09651501189999999	0.0374825549	0.042842459400000005	-0.0225003336	0.157984954	-0.0173432869	-0.030176493500000002	-0.0011903487	0.033484350499999996	-0.21153304039999998	0.016909759	-0.0052885510999999994	0.0109225803	0.0072001730000000016	0.10257124320000001	-0.024283379900000002	-0.0113150135	0.1518990469	-0.0240450497	0.1460928903	0.1326110757	0.0369731112	0.0408462862	0.0201818983	0.0496605382	-0.0082383788	0.0453497444	0.0404692806	-0.0199157656	0.1502304424	0.07994860549999999	0.0079406435	-0.0002765994	0.0221572983	0.0326766968	-0.0022458882	0.0052037115	-0.05875256280000001	-0.043618702599999996	-0.0286674877	-0.0964598665	0.0557661662	-0.060212706500000004	-0.1051383909	-0.0376899491	0.0184392182	0.0230393974	-0.028605662599999998	-0.1022689001	-0.0910757787	-0.067753128	-0.044697334299999995	0.0624268688	0.0258048693	-0.044843754000000006	-0.0615935814	0.039409021600000003	-0.0703050292	-0.0231647622	0.0175989572	-0.026431460499999997	-0.0394279842	0.0209728764	0.0090491551	0.10298388630000001	0.1846271682	0.0691640811	-0.015481307	0.1040635667	-0.0492737372	-0.0102133637	-0.0551336342	-0.0442559298	-0.0778559571	-0.0555214317	-0.0887995324	0.006003771999999999	0.0324915586	0.08541051279999999	0.0781960322	0.0085865283	0.0366792393	0.0225246848	0.0454133147	-0.0234178	0.0835121955	-0.05235005349999999	0.0812618116	-0.0168014656	-0.12191330480000001	0.0712141278	0.0355702329	-0.05678470980000001	0.0409819777	0.12403450320000001	0.1998809516	0.0707634833	-0.0225801716	0.0644065683	-0.010455386899999999	-0.004223178	0.030991189199999998	-0.0934423464	-0.0050846872	-0.11331711039999999	-0.1128350445	0.07392200110000001	-0.0278203237	0.013648667199999999	0.0401753788	-0.0657043021	-0.0707548878	-0.0275787492	-0.0078314573	0.0793985606	-0.0083130188	-0.046590479299999994	-0.05078217	0.09587985289999999	-0.0422791915	-0.054843503700000004	0.007793729999999999	0.007984202	6.374748157680399e-05	6.074222731289998e-05	0.00565515	-0.030544150000000006	3.198072152250001e-05	0.0009329450992225	-0.0460835	2.289999999999931e-05	0.00212368897225	5.244099999999683e-10	-0.00170891	-8.427000000000044e-05	7.1014329000000745e-09	2.920373388099999e-06	0.000988688	0.00016655099999999992	2.773923560099997e-08	9.775039613439998e-07	0.000341163	-5.521899999999996e-05	1.16392192569e-07	3.0491379609999957e-09	0.0	0.0	0.0	0.0	0.0	0.0	0.0	0.0	0.0	0.0	0.0	0.0	0.0	0.0	0.0	-0.1096767066	0.6998726817	-0.7357583656	-1.164880963	0.1267903284	0.6920977318	-0.723132153	-0.1683288395	-0.06689597629	0.5294588813	0.2279226515	-0.609009274	0.3204952897	0.8857058469	0.7647248811	0.6995614674	-0.1021824641	-0.5166380538	-0.6996870448	-0.2904668704	-1.159608376	-0.2295409097	-0.4262949218	1.881268058	0.1828956737	0.2597009644	-0.1883528318	-2.19294854	-1.150083921
910.2304693252876	-2.7905821472286334	828519.5072881333	7.78734872043117	670.6791679883415	-0.4895651246644093	449810.54637353396	0.2396740112876786	652.9595358612522	-0.12692838792486327	426356.15547214187	0.016110815661204578	1.08624	18.075346	0.05130168	0.0029560406	0.10795673789999999	-0.0024775441	0.0107921271	0.0275066272	0.1015122083	-0.045422308700000004	0.0216588773	0.0410073242	-0.0163564008	-0.0604002751	-0.021096095899999997	0.0715997919	-0.0049865689	-0.0720048931	0.022217851	0.0207762009	0.0162997545	0.014345649399999999	0.0745865521	-0.07264110900000001	-0.0037322866	0.0449085058	0.0007167445	0.006363892800000001	-0.1090330585	0.0414496414	0.0093660979	0.014117321	-0.0377399124	0.017464277	0.0103919918	-0.1250190733	0.0663216011	-0.0402362242	-0.03058564	0.06360445320000001	0.0765315453	0.07722505589999999	0.0190828967	-0.0833134589	-0.055816859	-0.0758037187	-0.1231882398	-0.0738379035	0.09719094019999999	-0.08088991	0.0248992512	0.052608897	0.0106818911	-0.036428962999999995	-0.017664354099999998	0.0099513022	0.0174620814	0.0025287369	0.1366273058	0.0632547796	0.1084844546	-0.030714843	0.0817564717	-0.1117687534	-0.0929836166	0.0435377318	0.16977410989999994	0.0041819447	-0.0655551514	-0.0003116635	0.0057033399	0.014404488100000001	0.1215656342	-0.08639671539999999	-0.0272085517	-0.0775140105	0.062390565599999996	-0.06763822480000001	0.0747612019	-0.029601928599999997	-0.0838091352	-0.039842542599999996	0.035051256600000004	-0.0012374197	0.0051280518	-0.1033692802	0.0273454625	-0.0046865047	0.015277781200000003	0.0224997998	-0.0417122399	0.0102097027	0.0351590398	0.1401349328	-0.0123376825	0.0270708925	0.0333387073	0.0144212926	-0.0849202758	-0.0146199147	-0.0215891215	0.008470458699999999	0.0042603127	-0.059584981100000003	0.015498165800000003	0.0407041021	-0.030977128	-0.1281174793	0.1912912069	0.0522588087	0.0143143652	-0.0590931608	-0.0120466191	-0.0074273162	-0.0012685193	0.0827267954	0.0036138997999999997	-0.0645677443	0.0429708794	-0.0013244377	0.0121265806	-0.07511979519999999	-0.0392933225	-0.0190241193	0.0160523248	-0.1096204982	-0.0552263499	0.035175701000000004	-0.045880567000000004	-0.0716413413	-0.1104292147	-0.1572156748	0.1017168426	0.08639755869999999	0.06710523269999999	0.0847346417	-0.0059720046	-0.0765262287	0.06798477650000001	0.0174194053	-0.0705981627	-0.0677765774	-0.0803308825	0.0269544475	-0.030756781099999998	0.0383765884	-0.050851931100000004	-0.036151656000000004	-0.1713419838	0.0168590539	0.16526699960000002	-0.0196305632	-0.0648634168	0.0275681911	-0.1014157771	0.0838600562	-0.0094237882	-0.04780078559999999	-0.0484021975	0.09600055689999999	-0.047196869	-0.0490010732	0.0116348	0.0038410700000000024	1.4753818744900015e-05	0.00013536857103999998	0.0124616	0.00680645	0.00015529147456	4.632776160249999e-05	-0.052532	-0.006448500000000003	0.0027596110240000003	4.1583152250000033e-05	-0.00137459	0.00033431999999999993	1.1176986239999996e-07	1.8894976681e-06	0.00107285	8.416200000000004e-05	7.083242244000007e-09	1.1510071225e-06	7.553180000000001e-05	-0.00026563119999999996	5.705052811240001e-09	7.055993441344001e-08	0.0	0.0	0.0	0.0	0.0	0.0	0.0	0.0	0.0	0.0	0.0	0.0	0.0	0.0	0.0	-0.09933005951	0.5201187453	-0.1641265418	-0.4256658276	-0.03316194907	0.2226724499	-0.595839121	-0.2493480988	-0.3837690027	0.2355206191	0.8422060505	-0.3836290666	-0.9562489879	0.4976286005	0.5789868711	-0.7136418474	1.140196829	-0.4786165044	1.27707856	-0.8789163299	-0.9461028752	-2.031226733	-0.9025957745	-0.5422871804	-0.3649901263	-0.6603157391	1.071920547	-0.7436445311	0.255895515
915.637469088094	5.4069997628064375	838391.9747980505	29.23564643498885	672.0289331822895	1.3497651939479738	451622.88703412615	1.8218660787934116	652.8964604336595	-0.06307542759270746	426273.7880468011	0.003978509566002882	1.104396	18.377472	0.092886479	-0.0271678011	-0.119122903	0.0024797352	-0.008452109499999999	0.040020743500000004	-0.11128651519999999	-0.019674299699999998	-0.0381955789	0.052303175099999995	0.0312320486	-0.0106976813	-0.0338423708	-0.0047875973999999995	-0.0161055482	0.0717244638	0.0587681018	-0.014961263999999997	0.0748719321	-0.0053617063000000005	0.0891165824	-0.0510135857	0.0969348503	-0.017252634	0.0717174058	0.0539245902	0.0086355125	0.1109664897	0.0522630742	-0.0135356104	0.0048375004	0.10439859189999999	-0.0854859218	0.0561124721	-0.0754626612	-0.0261394274	0.0277717266	0.0082070048	-0.22188762609999998	-0.0252794193	-0.1099172567	-0.0401187318	0.0625017671	-0.1206515338	-0.0553463122	0.025600257799999998	0.0049720452000000005	0.007804434399999998	-0.0449831408	0.0012608532	-0.07043579400000001	0.0730690873	0.1495089221	0.11753732689999999	0.14660383119999998	0.0331987897	0.033613779100000005	0.0078771413	0.008184784799999999	-0.0331312171	0.0385682081	0.0290519177	-0.0795410849	0.035540104700000005	-0.031687421699999996	-0.0799619758	-0.17184968350000002	-0.008402747	-0.10665461779999999	0.082221507	0.016878388	-0.10341090039999999	0.0036200849	-0.0187964703	-0.049788168	0.0998988612	-0.0241127581	-0.020342665	0.0055725615	0.0019749102	-0.0142423836	0.0135385486	0.1238132076	0.0951931061	0.0406054822	-0.0763852981	0.0465089682	-0.0346996817	0.025821437599999997	0.0379285571	0.0764421594	0.001070138	-0.040261817799999995	0.0118458775	0.0767884239	-0.0366511989	-0.0392216971	0.006274620799999999	0.07645731389999999	0.028206758199999998	0.0710539161	-0.046366057800000006	0.033561433599999996	-0.0767494029	0.0036046728000000004	-0.100449433	-0.07868259009999999	0.021282708900000002	0.0147973528	0.0570095066	0.13895512470000002	-0.0242129577	-0.0601898158	-0.149948167	0.0854386867	0.0721595693	-0.1005190859	0.11527189939999999	-0.0232508588	0.1676432018	0.0053046875	-0.0409334955	0.032003977	-0.127917432	-0.0019045388	0.0297175481	0.0895133737	-0.172695168	-0.05245093309999999	-0.0262184881	0.0446208036	0.08293339179999999	-0.0285111126	-0.048455911399999996	0.019230108	-0.0067339267	0.047473287	-0.0017321682000000001	0.0659627304	-0.09898552460000001	0.0518296196	0.14352609119999998	-0.0269353072	0.0903617917	0.028170771600000002	0.0804055177	-0.0785689753	-0.026249612999999998	-0.09975050140000001	0.0478022637	-0.0430933692	-0.06171843990000001	-0.0155488925	-0.0010277015	-0.0476434804	-0.0490010732	-0.0459816484	0.0959401986	-0.0519563153	-0.0429019957	-0.000180769	-0.011815569	0.00013960767079376104	3.2677431361e-08	0.0516162	0.0391546	0.0026642321024399995	0.00153308270116	-0.0460605	0.006471499999999998	0.0021215696602500003	4.1880312249999984e-05	-0.00186115	-0.00048656	2.3674063360000006e-07	3.4638793225e-06	0.0010562000000000002	-1.664999999999978e-05	2.7722249999999273e-10	1.1155584400000004e-06	0.000281218	0.0002056862	7.9083563524e-08	4.230681287044001e-08	0.0	0.0	0.0	0.0	0.0	0.0	0.0	0.0	0.0	0.0	0.0	0.0	0.0	0.0	0.0	-0.0210015166	0.666598077	-0.1545371721	-0.4099713035	-0.613966329	-0.9864650742	-0.1424394203	-0.4578488512	-1.649349822	-0.2612277867	-0.1755360308	0.4301599493	-1.464986502	-0.3597325492	1.525498904	1.222112238	-0.08871323439	0.9137301322	-0.4993693213	0.9818715147	0.8589395001	1.215328159	-0.2665461435	0.2352600356	-1.002393493	-1.446510739	0.09802286634	0.006268806848	-0.214017961
913.3265781320206	-2.310890956073422	834165.438322346	5.340217010861934	672.1251855211162	0.09625233882673	451752.2650117949	0.009264512729615638	653.2078196808305	0.31135924717102625	426680.4556921845	0.09694458079890822	1.379845	22.961023	0.061185569	0.0745366068	0.0442896976	-0.0249491307	-0.029678735499999997	0.0450206365	-0.0097265966	-0.0096308591	0.013476726599999999	-0.0979291195	-0.0087029636	-0.0138330699	0.0897829292	0.024324710899999998	-0.034052660299999996	0.0998739436	0.028788155099999997	0.0030605571000000002	0.06264166339999999	0.0697655523	-0.027737399500000003	0.0427667154	0.023728906400000003	-0.038153504399999996	-0.0275308073	0.0327448797	0.0226028015	0.0363408009	0.0769144656	0.0838915574	0.0025922613	0.06994294059999999	0.1285924651	0.0310527592	-0.13599412060000002	0.0905780058	0.0713321939	-0.050014913	-0.16882124	-0.0450956726	-0.0393581819	-0.1032779908	-0.0328832705	-0.034460215499999995	0.05981158070000001	-0.0159058837	0.0232107016	0.053983812699999995	0.012665398000000001	0.005591823100000001	0.1304126454	-0.0393428887	0.0471613313	-0.0165977546	0.025359714300000002	-0.0203362439	0.1123494234	-0.0555046723	-0.1732496659	-0.017901158	0.0801549807	-0.0044168145	-0.023824381000000002	0.045755997400000005	0.0541668538	-0.0469418146	-0.11245040449999999	-0.045851806200000005	-0.0065168379	-0.09198729789999999	0.0498329467	0.137399866	-0.0213247643	-0.009468549100000001	-0.0339953743	-0.0620686512	-0.0079399976	0.058322395599999986	-0.0085885461	0.0690995289	-0.008902249899999999	0.0039256223	0.0892254739	0.0163527761	0.0010637806	0.0571832959	-0.0792257534	-0.0154724922	-0.0474082626	0.08454993640000001	-0.0091361843	-0.1125720016	-0.0312354423	-0.09155444039999999	0.0599581958	-0.10710383109999999	0.0252223068	0.0148613727	-0.0163748449	0.05917499	0.0404161275	0.045537682	-0.0168400078	-0.1221572869	-0.008791105	-0.0366700956	-0.038928747400000005	0.09517865119999999	-0.1230484945	-0.0068558126	0.0413873378	-0.0366934003	0.0708589533	-0.0379786579	0.0397313835	0.1591908571	-0.0756830223	0.0166832661	-0.0418987727	0.1131927043	0.11683919289999999	-0.0855491956	0.1432827358	0.0323197631	-0.015523249	0.006118895500000001	0.0252179276	0.0133126382	-0.028922568500000002	0.0101565189	-0.11056402369999999	0.06513706820000001	-0.07506686900000001	0.0349868801	-0.11394439199999999	0.013834838200000001	-0.014176615200000001	-0.0771538804	-0.0493017446	0.0044706263	-0.09335246189999999	-0.007313626	-0.0369746411	-0.0212082133	-0.1315324225	0.0306097502	-0.0709331015	-0.0756666711	-0.059879883099999996	0.0260081154	0.08268169759999999	0.0006908025999999999	-0.049521255800000004	0.0981332585	-0.0292470237	-0.0501910907	-0.043522552	0.0956988917	-0.056541573899999996	-0.0365782156	0.010592	0.010772769	0.00011605255192736104	0.000112190464	0.0276916	-0.023924599999999997	0.00076682471056	0.0005723864851599997	-0.0414027	0.004657800000000004	0.00171418356729	2.1695100840000034e-05	-0.00226139	-0.00040023999999999984	1.6019205759999987e-07	5.1138847320999985e-06	0.0010824500000000002	2.6250000000000008e-05	6.890625000000008e-10	1.1716980025000005e-06	0.00027110000000000003	-1.0117999999999989e-05	7.349521000000002e-08	1.0237392399999974e-10	0.0	0.0	0.0	0.0	0.0	0.0	0.0	0.0	0.0	0.0	0.0	0.0	0.0	0.0	0.0	-0.2361780279	0.8133627861	-0.7053495828	-1.267199748	0.4060100307	0.461660912	-0.8805998995	-0.1734490141	1.875485627	0.4129130538	0.1780978997	-1.322132181	1.133163641	1.237544185	0.3117324165	-0.2445240985	-1.305430303	-0.04010652467	0.8771077292	-0.3999780717	-0.034666715	0.5154209192	1.161946571	-0.4858190155	-0.1935014219	-0.4203995744	0.667268936	-0.7857113123	-0.7568289725
910.403405079796	-2.92317305222457	828834.3599808872	8.544940693251906	671.1063610192577	-1.0188245018584894	450383.7478005103	1.038003365587199	652.7876795830435	-0.420140097786998	426131.7546154143	0.17651770176846826	1.265753	21.06249	0.05604386699999999	-0.061719976600000004	0.0386352858	0.0442586078	-0.1261084817	0.0565139715	0.0712224789	-0.0011584867	0.0317900854	0.08404988699999999	-0.014100564599999999	-0.0025855552	-0.0032422093	-0.1041974408	-0.0097395777	0.06913662599999999	-0.05152978230000002	-0.047651196500000007	0.0195862535	-0.0260968585	-0.037411790699999996	0.0531226708	-0.0329099117	-0.1234093831	-0.1297997847	0.037408457	0.0571636272	0.0782613793	0.1553839418	-0.0281809284	0.005946496	-0.0765904609	-0.032301890800000004	0.0218472773	-0.0025815917	0.15138401740000001	-0.0170000498	-0.0598564946	0.0255440552	-0.0768863618	-0.0651555919	0.0452530317	0.0919533176	-0.0698954833	0.1288601317	0.0754202383	-0.0259071929	0.0660736896	-0.0455443166	-0.0432695629	0.018622462700000002	-0.0820134571	0.022733095499999998	0.0162221009	-0.0011385584	-0.0698316871	0.0037343997999999996	0.0107766914	0.13764953359999998	-0.078732279	-0.0467153643	-0.0044680582	-0.0346718436	-0.07502218990000001	-0.056304179100000004	-0.0150278961	-0.059609845099999996	-0.0381648361	-0.0588330846	-0.0315478509	0.0233034882	-0.1196706389	0.09713672570000001	-0.0644673617	0.0734482711	0.00038938870000000003	0.04411409349999999	-0.07634380639999999	-0.012258171699999999	0.0578108274	-0.10367088949999999	0.0571064011	-0.019204853	-0.0766982113	-0.00036980419999999996	-0.0008967063	0.0877251571	0.0384064177	0.0788244505	-0.0084395887	0.0062398074	-0.0937637182	-0.0715380739	0.025514778300000002	-0.0272833719	-0.052072494500000004	0.0960691819	0.0172469747	-0.0274817578	0.13285220849999999	0.0030618140000000004	-0.040646703199999995	-0.1644554593	-0.0710449709	0.0188899447	0.0998576942	0.013763031100000002	-0.12639969269999998	0.06413194700000001	-0.0493828504	0.1333031103	0.0327823722	0.0348719939	-0.1168663941	-0.0456059025	0.049982203600000004	-0.083006974	-0.0737993233	0.0288261421	-0.012194066399999998	-0.0392554394	-0.056195214800000004	-0.054932556699999996	0.0360212667	-0.0259230324	0.0491096034	0.1318614264	-0.0462861757	-0.1173096325	0.0573349799	-0.0106952222	-0.1343331244	-0.0406098831	0.0028945086	-0.0393795729	-0.1272958733	-0.0163489574	0.023320413300000002	-0.0330691675	-0.0041799676	0.0631306312	0.0981703578	0.0430857884	-0.0173437218	0.0522726409	0.1039492502	-0.049617394	0.0405296952	0.0249981779	0.053975732400000004	-0.0531131491	-0.065113045	0.09292363619999999	-0.0776277522	-0.0749754082	-0.051370588499999995	-0.0410269697	0.0952770913	-0.060937272599999995	-0.0300628542	-0.000197167	-0.010789166999999999	0.000116406124553889	3.887482588900001e-08	-0.0017385000000000002	-0.029430099999999997	3.0223822500000007e-06	0.00086613078601	-0.0460237	-0.004620999999999993	0.0021181809616899992	2.1353640999999936e-05	-0.00217401	8.737999999999975e-05	7.635264399999955e-09	4.7263194801e-06	0.00104569	-3.6760000000000265e-05	1.3512976000000196e-09	1.0934675761e-06	0.000371032	9.993199999999996e-05	1.3766474502399995e-07	9.986404623999991e-09	0.0	0.0	0.0	0.0	0.0	0.0	0.0	0.0	0.0	0.0	0.0	0.0	0.0	0.0	0.0	-0.215044371	0.8621560729	-0.2969553429	-0.7441363116	0.1321567898	0.8439678445	-0.5248170537	0.03829570509	-0.5508504099	0.1643008887	1.18097222	0.01757710202	-0.7412448406	-1.565612062	-0.666139531	0.1422731252	-0.1988725562	-0.5574743672	-0.611539725	-0.860861307	0.3441740847	0.4520695451	-0.162070105	-1.205795645	0.1155505172	1.739954494	1.019235764	-0.5154875563	0.3256518372
913.1880188809038	2.784613801107753	833912.3578276299	7.754074021319767	672.1612660949812	1.054905075723468	451800.76763840823	1.1128247187871358	653.1555162414749	0.3678366584313153	426612.1283966675	0.13530380728591612	1.193274	19.856417	0.096040887	0.0734545766	-0.0724815187	-0.0007573492999999999	-0.036173436600000004	-0.09435216589999999	-0.0803921178	-0.033559246800000005	-0.08171791490000001	-0.0326056142	0.0122827225	-6.31579e-05	-0.0284365439	-0.0174121766	0.0756869579	-0.0444328057	0.0189962501	0.0111271589	-0.1156950414	0.0102604708	0.026270825	-0.0033081561	0.0832303993	-0.053390815700000004	-0.047423149299999995	-0.0764268845	0.0692561761	-0.029754214900000006	0.0672695359	-0.0839748117	0.1048216595	-0.030601561200000002	-0.0001593981	-0.020738296399999998	-0.1091674208	-0.0619684687	-0.0283354666	-0.0156294899	-0.0820748344	0.0248771965	-0.1380627345	-0.1321394159	-0.0672490282	0.06341164839999999	0.0195879793	0.0444076225	-0.0207461346	0.0271637581	-0.0456385017	0.1044613907	-0.022017654100000002	0.0154080916	0.0464459312	0.0566190297	-0.0796876924	-0.025121353	-0.07687950889999999	0.0322442613	-0.0966194609	-0.0223237937	-0.066838363	-0.021868579300000003	-0.0493770396	-0.065510613	-0.0380025733	0.0239325461	-0.0172615091	-0.017455109099999998	0.0993347482	-0.027273524900000002	0.0617379528	0.0298264481	0.044463171600000004	0.0665960117	-0.1061813786	0.0301946379	-0.0364544212	-0.0276743161	0.017699099	0.0182297157	0.0514494208	-0.0939782589	-0.11916101970000001	0.0664260356	0.026857448199999998	-0.0790146167	-0.0842871175	0.024174764799999998	-0.019400980800000002	-0.07654359349999999	0.060536562	-0.0321761693	0.007930072	0.0411625673	-0.0698038532	0.027756496600000003	-0.0314769211	-0.0251011017	0.044274371900000005	0.1033282499	0.024745590499999998	-0.031925313999999996	0.0653022484	0.023276902000000002	0.1343000256	0.036974423199999995	-0.0851804332	-0.025823505299999997	-0.050572800599999995	-0.0293134646	-0.0833908196	0.058484612400000004	-0.12498811259999999	0.0401228961	0.0609448695	0.0756812358	-0.035385408300000004	0.038350962999999995	-0.0354697484	0.17657791469999998	-0.031314571	-0.12453769699999999	0.0329330762	0.0045548007	0.018685289299999998	-0.0009167738999999999	-0.0077850566000000005	-0.0083212478	0.113272758	0.0186363443	-0.0109208935	0.004852722	0.0172662924	-0.0057500229	-0.05833696820000001	0.0094087609	0.025388089	0.050602537	-0.0164840348	0.1168289482	-0.060306408799999996	-0.010388173	0.0765357814	0.0409378296	0.0236294675	0.0183716923	0.0433201081	-0.0039632087	0.089313293	0.0583347524	-0.0064421622	0.0989887851	-0.1143636317	-0.0269277746	-0.018303436	-0.0525393196	-0.0384969937	0.09467559310000001	-0.0651286743	-0.023390036200000002	0.00921322	0.009410387	8.855538348976899e-05	8.48834227684e-05	0.0477091	0.0494476	0.0022761582228100004	0.00244506514576	-0.053827699999999985	-0.0078039999999999984	0.00289742128729	6.090241599999998e-05	-0.0025302	-0.0003561899999999997	1.2687131609999982e-07	6.4019120399999984e-06	0.00117489	0.0001292000000000001	1.6692640000000027e-08	1.3803665121e-06	0.000268844	-0.00010218799999999996	7.227709633600001e-08	1.0442387343999993e-08	0.0	0.0	0.0	0.0	0.0	0.0	0.0	0.0	0.0	0.0	0.0	0.0	0.0	0.0	0.0	-0.272574102	1.110761028	0.01494058871	-0.8283302926	-0.6789125253	-0.5962257683	-0.3526342015	0.01008827638	-0.1389108831	-0.6060138967	0.2796614881	-0.5871729266	0.8462732363	1.11861705	0.5031485872	0.9661998297	0.1442297449	0.4470981581	-1.08555236	1.551707231	-1.121480299	1.435670965	-1.114673368	1.203784845	-0.4229847715	0.8681695163	-0.03072706094	-0.07270090685	-0.1907507884
914.0781216376558	0.8901027567520714	835538.8124566252	0.7922829175776371	672.7516287631926	0.5903626682113554	452594.7540035285	0.3485280800176309	653.63719728876	0.4816810472851785	427241.58567950537	0.23201663131374636	1.283496	21.357748	0.05455908	-0.0634916611	0.1070502256	-0.014472924199999999	0.0038804459999999996	-0.0221878857	0.0256941236	0.0975204193	0.0974495532	0.0057396884999999995	-0.0496980093	-0.0294027491	0.0208693595	0.0181839887	-0.0241427564	0.022470595899999998	0.0263663545	-0.050952739000000004	-0.0863217734	0.1606054294	0.0232348804	-0.11450194220000001	-0.0338545706	-0.0126789198	-0.0292356976	-0.025930346899999998	0.0685948917	-0.0005260746	0.0507517721	0.022488274500000002	0.056966942699999995	-0.027177294100000002	-0.011496135400000001	0.0027609279999999997	-0.0099448691	0.055690427300000005	0.1024073869	-0.00278068	-0.0269336147	0.0733384783	-0.15721192779999998	0.0184608086	0.0492951087	-0.0605507939	-0.0009847567999999999	-0.0588975236	-0.0788364695	0.06036506990000001	-0.0075465614	-0.0284479293	0.0567397773	0.0042176425	-0.0478792162	0.0115410745	-0.24169334899999997	0.07513130950000001	-0.11408184539999999	0.0656379022	-0.0143483999	-0.0580367311	0.1067069304	-0.018488879399999998	0.0646458775	-0.057551672699999994	0.0097251823	0.0281168912	-0.0557769901	0.13692742189999998	0.048086763899999996	0.0613565383	-0.164281598	-0.004915947	0.0983303075	-0.0401597508	0.1256427408	-0.0092057923	0.0053240675	0.0632359473	-0.0174713201	0.0089629546	0.0181072969	-0.0526697401	-0.0176090562	0.0067636334	-0.0658734561	0.0990569744	0.0608948692	0.0508932534	0.0026899707	0.0568219106	0.0072524125	-0.044110529	-0.0138003927	0.0171785233	-0.0579862451	-0.08939597769999999	-0.1180789191	-0.1154527533	-0.0599942396	0.0375046218	-0.09724720220000001	-0.025364540499999998	0.0199093324	0.0045495058	0.0677604397	0.0515829973	-0.0349558295	-0.0005374484	-0.0182039854	0.001999121	0.0416146254	-0.0354638365	-0.059337473700000004	0.018207932	0.08588882939999999	0.0009226656	-0.0767588437	0.0124237139	0.0016260420999999999	0.0305946991	-0.0726618934	-0.0746620417	0.0195418719	-0.0015471413	-0.1141671745	0.1012315951	-0.0676826567	0.1561213888	0.1696851606	0.026070392400000003	-0.1285483584	-0.1118236094	0.08671418189999999	0.0033850945	-0.0846414689	-0.10304859960000001	-0.0206380502	0.0402540915	0.0149184273	-0.0340457942	0.1222982611	0.0140252539	-0.0600636335	-0.0827933526	-0.0077868921	-0.0164762345	-0.0556861066	0.1110110949	-0.11921284289999999	-0.10397161560000001	-0.187446632	-0.0221344846	0.0223813259	0.0306309878	0.0186531594	-0.0536970388	-0.0359347449	0.09389553140000001	-0.069101727	-0.016594711	0.0143637	0.005150480000000001	2.6527444230400005e-05	0.00020631587769000002	0.0395908	-0.008118300000000002	0.0015674314446400002	6.590679489000003e-05	-0.0459456	0.007882099999999996	0.00211099815936	6.212750040999993e-05	-0.00313977	-0.0006095700000000003	3.715755849000003e-07	9.8581556529e-06	0.00117489	0.0	0.0	1.3803665121e-06	0.000327438	5.8593999999999975e-05	1.07215643844e-07	3.433256835999997e-09	0.0	0.0	0.0	0.0	0.0	0.0	0.0	0.0	0.0	0.0	0.0	0.0	0.0	0.0	0.0	-0.3648318316	1.106221437	-0.8404268249	-1.013408173	0.2552359829	0.5095372348	-1.34994749	-0.03285225816	-1.004732054	0.3504066582	-0.8860725616	-0.7562801947	-1.133719837	0.8088839212	0.5215738823	-1.479735355	-0.7449091679	-0.6833512805	2.194181805	0.257460398	0.3310277645	-0.08243623094	1.018312084	-0.06298591883	-0.303022614	0.9132075631	-0.05106641989	-0.6429978606	-0.7398449958
911.5337337679075	-2.544387869748334	830893.7477968625	6.473909631722465	671.2229302625756	-1.5286985006169969	450540.22211027844	2.3369191057886547	654.1609627738361	0.5237654850760691	427926.56521719217	0.27433028335697	1.239248	20.621447	0.07122465000000001	0.054226705599999994	-0.0149209846	0.1255542924	0.0470958682	-0.0502491544	0.0692302087	-0.0394970602	-0.006583521700000001	0.013085871399999999	0.1115733156	0.0036388491999999996	-0.1132682376	0.0177657774	-0.012305488100000001	-0.0211803588	0.016438765	-0.1280101861	-0.013316926599999999	-0.0033412548	-0.05123673769999999	-0.089182945	0.0019600159	-0.1527980011	-0.011952688799999998	-0.0387501413	-0.038956515	-0.0121631773	-0.028300013399999997	0.0451047233	-0.0588724538	-0.0243495342	-0.08498707289999999	-0.14342394449999998	-0.033992288100000004	0.0376331901	-0.15273461019999998	0.0049892449	-0.0056868482	-0.0261629952	0.0040271128000000005	0.1390499929	0.0352007965	-0.016089268400000002	0.0085435116	-0.17962621850000002	-0.0096600329	-0.0122883674	-0.10834457980000001	0.0447314482	0.0783567398	-0.10944040320000001	0.0238874428	-0.2108236841	-0.0657349164	-0.113230038	-0.0008898674	-0.0101027363	-0.0165150699	0.1800991859	-0.1482436875	0.0686522981	-0.1300484599	-0.0168309674	0.1107572141	-0.0182776547	0.0395251644	-0.06460554190000001	-0.0218852413	0.0190950808	-0.035364896	0.1223959983	-0.1314183128	0.0579573737	-0.0041540511	-0.0305808779	-0.046803642699999995	-0.1080398399	-0.0789056828	-0.1168465823	-0.013350968400000001	-0.0532375939	-0.0321976819	-0.0798739813	0.016521858799999997	-0.0030654382000000003	-0.040881134900000005	-0.052663714800000004	0.10474088529999999	-0.022106409900000002	0.1089732742	0.028678648799999998	-0.0004889511	0.0788610776	0.0289153862	0.026514207	0.0113778514	-0.1140624344	0.1254159695	-0.01866691	-0.06132835690000001	-0.0347153939	0.0092074894	0.0588628661	-0.0052465548	-0.11263424720000001	0.039077189	-0.07332817700000001	0.0018798704999999998	-0.1090543329	0.2088050265	0.0158662342	-0.0348848762	0.10986117050000001	-0.0576495374	-0.025355716400000002	0.013362622	-0.0099032028	-0.0680789546	-0.0336309506	0.0932041564	0.07652432440000001	-0.0594084817	0.1740769302	0.1559130168	-0.0572160611	-0.0085192965	0.11765184349999999	-0.09458691609999999	0.0565243345	-0.041717634100000005	-0.0168531934	0.0612874047	0.09275425220000001	-0.052813991799999994	0.0121129879	0.11781853269999999	-0.1560976507	-0.0052139651	0.0537580258	-0.0073200385	-0.1975403327	0.049174738600000004	-0.018614774	0.0596617931	0.0200915323	-0.10058817939999999	-0.06283371089999999	-0.0729253386	0.027991720299999998	0.11496500230000001	-0.0333075872	0.0490197697	-0.028285512000000002	-0.08551749980000001	-0.054843503700000004	-0.0333423712	0.0929383775	-0.0728431108	-0.0097124697	0.0151781	0.0008143999999999997	6.632473599999997e-07	0.00023037471961000002	-0.00174785	-0.041338650000000005	3.0549796225e-06	0.0017088839838225005	-0.0480826	-0.002137	0.0023119364227599994	4.566769e-06	-0.00260612	0.0005336500000000001	2.847823225000001e-07	6.7918614544e-06	0.00117489	0.0	0.0	1.3803665121e-06	0.00033248	5.042000000000024e-06	1.105429504e-07	2.5421764000000237e-11	0.0	0.0	0.0	0.0	0.0	0.0	0.0	0.0	0.0	0.0	0.0	0.0	0.0	0.0	0.0	-0.3847133703	1.230792522	0.07199545361	-0.6418928725	0.1428794323	1.386958738	-0.4576923634	-0.1781067483	-1.170901506	-0.2684852672	1.093150102	-0.6032776604	-0.3569863539	-0.8476374184	-0.2624315603	0.798719993	1.351047112	-0.05538044193	-0.4512382469	-0.8128781746	-1.459496175	-0.02222306894	-0.03933329969	0.8868942645	-0.6232257229	-1.314158617	-0.554943979	0.1993074679	0.7635578489
918.0907226531059	6.556988885198393	842890.5750217022	42.994103240615274	671.7165667985353	0.4936365359596948	451203.1461116111	0.24367702963428706	654.3089027389535	0.14793996511741625	428120.1402034533	0.021886233278942336	1.2510059999999998	20.817108	0.10000956199999997	0.0166633592	-0.0351783594	-0.1115669275	0.1442147571	0.026887581400000003	-0.040182586	-0.019306718	0.0054522374	-0.0584840946	-0.0101492646	-0.045420546299999996	0.0280689828	0.0689252203	-0.029998072999999997	0.08578722609999999	-0.0104034711	0.0337451758	0.0885358059	-0.007224676	-0.0829072891	-0.0503285017	0.0035218622	-0.052725950300000005	0.0131004953	0.0407765	-0.22741201579999998	-0.1202008697	0.0141368629	-0.0328682516	-0.09171579140000001	-0.0084139963	-0.0794238358	0.07590346740000001	0.0256691215	-0.1520208698	0.016563546499999998	0.060681311200000004	-0.0622929477	-0.053331703099999996	0.0266715038	-0.1043880184	0.05593931110000002	0.0652114099	0.0537505987	-0.0172767566	0.1829384575	0.0601461516	-0.0875085108	0.0536414123	0.1643509256	-0.0339024448	-0.022985313700000003	-0.1170088461	-0.0121946372	-0.036880773799999995	-0.0999545814	0.0783172437	-0.0793055656	-0.1378567637	0.037421245299999996	-0.0342351768	0.0020121735	-0.0567044732	-0.1139167195	0.0078848644	0.0392587241	0.056351298	-0.056126933399999995	0.0845308494	0.0531024407	0.08630441539999999	-0.1018145084	-0.0246961625	-0.0534521269	0.0157628406	-0.025009275499999997	0.13515021160000001	0.0246047106	-0.0608174175	0.1113244146	0.0693428901	0.0622498161	0.0171583134	0.0248414148	0.02526694	-0.0203881115	0.001513075	-0.045272911500000006	0.10604269039999999	-0.0172188149	-0.012484855100000001	-0.0234935977	-0.0836212845	0.1018819894	-0.0047315638	0.068230584	-0.0809798359	0.0480543264	0.0141293652	-0.0652634645	0.0162288918	-0.0237003735	0.16898264579999994	-0.0360412564	-0.0259052733	0.1637740386	0.0692153969	0.0498457049	0.1196080735	-0.043179220899999995	0.1277509055	-0.0262702784	0.0100298839	-0.06520367120000001	0.061419616399999995	-0.0039152658000000005	0.15164242630000002	-0.042689560099999996	-0.0088379131	0.0587463471	-0.0640094188	0.1419385615	0.11149559740000001	0.037409748199999995	0.0975509192	0.09130394800000001	0.1420992729	-0.0437887862	-0.057537790599999986	-0.005947228299999999	0.0231127826	0.048222374900000003	-0.10203358189999999	-0.123035721	-0.0753603023	-0.0145800064	0.0854916889	0.017557593700000002	0.0319468797	0.028855763	0.09366182	-0.0321922928	0.1504506027	0.0615730654	-0.0670901524	0.0335771172	-0.0824123773	-0.0329955274	0.1112066603	-0.0060565225	0.0541086474	0.1145650222	0.1131320617	-0.0401426825	-0.0559784738	-0.030722046	0.0918059366	-0.0763402824	-0.0027793585999999998	-0.000199207	-0.015377307	0.00023646157057224902	3.9683428849000005e-08	0.0557635	0.05751135	0.0031095679322499996	0.0033075553788225005	-0.0564981	-0.008415500000000006	0.0031920353036100006	7.08206402500001e-05	-0.00248896	0.00011715999999999983	1.3726465599999961e-08	6.1949218816000015e-06	0.00117489	0.0	0.0	1.3803665121e-06	7.55319e-05	-0.00025694810000000004	5.70506791761e-09	6.602232609361003e-08	0.0	0.0	0.0	0.0	0.0	0.0	0.0	0.0	0.0	0.0	0.0	0.0	0.0	0.0	0.0	-0.1291223283	1.252047555	-0.1746900025	-0.724440866	-0.635208442	-0.0574356064	0.04437581921	-0.2924388747	1.61487025	-0.9078607517	-0.5485568317	-0.7222998381	0.9667097264	0.3547951876	1.238517082	-0.3783489178	-0.3375246286	-0.1745885762	0.4356147271	0.1425529379	0.6595175821	0.2829650064	-0.123129596	-0.3018548499	-0.2500032692	-0.6433552067	0.03001631473	0.3679204167	0.1546803858
913.013766579457	-5.076956073648943	833594.137963607	25.7754829737609	671.8659883961112	0.14942159757595164	451403.90636348346	0.02232681382214964	653.5148120092603	-0.7940907296932664	427081.6095154987	0.6305800869847843	1.166478	19.410532	0.12128571199999998	-0.113663656	0.0601598743	-0.0021989425	0.0089675074	0.0109313578	0.0704780237	0.057904106799999994	0.082748667	0.0693813741	-0.0040197608	0.00019082959999999999	0.011651773999999998	-0.0032975642	-0.0487950246	0.061458627099999996	-0.0532702889	0.0006664622999999999	-0.026895802799999997	-0.0184066462	-0.053100247	-0.0321727801	-0.093324096	-0.0657965405	0.0189298073	-0.00020476330000000005	0.0014586118	0.036128201400000004	0.1003501877	-0.05276976480000002	0.0022890035	-0.0239432769	0.0391143598	0.0678210483	0.013265253999999999	-0.0582999058	0.029122540099999997	-0.0069325717	0.024333795099999996	0.08181772679999999	0.000427097	0.0994663993	-0.0995252633	-0.0621114241	-0.1289232887	-0.052382202999999995	-0.015356177700000001	0.0167763017	0.0312637161	0.0835952529	-0.044311919400000004	0.08997965960000001	0.021500175899999998	-0.0389905968	-0.09251769970000001	-0.092422934	-0.0067598268	0.0674475924	-0.0589378937	-0.031772977599999995	-0.15829911789999998	0.0554429055	0.11343503630000001	-0.029766780899999998	0.0477922069	0.1761215032	-0.044628633200000004	-0.09240062710000001	0.0086466475	-0.0386143044	0.0201652466	0.0738788923	-0.09656311949999999	-0.0247361613	0.1226751735	0.0072188878000000005	0.0263038566	0.0090407676	0.0131837681	0.0026841194	-0.044551125700000006	0.0719544167	-0.0795670646	-0.0565234371	-0.0394137695	0.0692591409	0.12069366279999999	-0.0095117212	0.0430113899	0.0709119034	-0.021709122	0.0298923473	-0.03173237	0.0103481415	-0.0198655566	-0.0314126238	0.028904645099999998	-0.0079462225	0.0485595058	-0.0070817685	-0.0761602945	-0.0629797667	-0.0814264981	-8.560800000000001e-06	0.048414077300000004	0.0545507696	0.0052280843	0.0239753433	-0.0058919778	-0.0549685068	0.022036676800000002	-0.074994782	-0.0220762577	-0.0808399547	-0.00039004400000000004	-0.0616190774	0.2176218018	0.055844266	-0.0329387274	0.0831990324	0.0081213485	0.0058746319	-0.0576756777	0.019288396	-0.0955823514	-0.059928656799999994	-0.1154233374	0.051138733	0.1132329673	-0.017793780800000002	-0.029906225699999997	-0.0321367728	-0.0129203083	-0.030462075499999998	0.0034560821999999997	-0.0335013052	0.1840926409	-0.0064014553	0.1344537491	0.08777903210000003	-0.1365824449	-0.0203574286	0.0378543905	-0.0835249046	0.0642402467	-0.014257705	-0.0078500874	-0.0991168254	0.0297746403	0.1191312067	-0.009737011	-0.062091862699999986	0.0039641077	0.0401850598	0.055886346600000004	-0.0571017114	-0.0280759659	0.09050034470000001	-0.0795815172	0.0041683097	0.0230786	0.023277807	0.0005418562987292489	0.0005326217779599999	0.0109183	-0.0448452	0.00011920927488999998	0.0020110919630399997	-0.0459072	0.010590900000000007	0.00210747101184	0.00011216716281000017	-0.00302472	-0.0005357599999999997	2.8703877759999967e-07	9.1489310784e-06	0.00122803	5.313999999999992e-05	2.823859599999991e-09	1.5080576808999996e-06	0.000338068	0.0002625361	1.1428997262400003e-07	6.892520380320999e-08	0.0	0.0	0.0	0.0	0.0	0.0	0.0	0.0	0.0	0.0	0.0	0.0	0.0	0.0	0.0	-0.3985316821	1.266750091	-0.8285746436	-1.359482286	0.607158878	1.010942255	-0.2745132931	-0.06501205547	-0.4788003559	0.2243867828	0.1586772702	-0.3435602152	-0.8881416127	-0.5074643638	0.1170000241	-1.345922579	-0.2470206932	-0.8644478344	-1.123115237	-0.7927167184	0.8667665813	-0.1346323689	0.3370704202	-1.176378066	0.06691918483	1.329125536	0.2286495239	-0.1336278103	-1.136070298
912.3017487385724	-0.7120178408845277	832294.4807514574	0.5069694057378645	671.0023272257071	-0.863661170404157	450244.1231423149	0.7459106172638783	653.4059789720309	-0.108833037229374	426939.37335639814	0.011844629992570304	1.1498910000000002	19.134508	0.055602404999999966	0.10917193830000001	-0.0423285976	-0.0121236658	0.00044652959999999997	-0.0350386542	0.0045050674	-0.0775631491	-0.0466873655	-0.047995005	0.0565515246	-0.0085928026	-0.0307391989	0.0742126497	0.039004719300000004	0.032988549900000004	0.0216432392	0.07311968740000001	-0.09901872240000001	0.002785959	0.052897219599999996	-0.0331714998	0.0411603963	-0.0406242373	0.079283959	-0.0872199744	0.053030884900000005	0.0015305331	-0.014007076299999999	0.013107573	-0.0237847936	-0.0188306114	-0.14640641640000002	-0.0076524938	-0.1221719688	0.0375330944	-0.0458559799	-0.113617414	0.0319621046	-0.089652446	-0.0567347725	0.024692546099999997	0.0670825543	0.011194559599999999	0.0899141105	-0.0396277615	-0.014728579399999999	0.033681830499999996	0.09027008789999999	0.0479015298	0.0201464878	0.048681725499999995	0.037491048	-0.0913217853	0.14448272539999998	0.0327383957	-0.0106687872	0.11045463550000001	-0.040501177799999996	-0.0045792331	-0.0448515062	-0.0331999951	0.0012394883	0.037886993	-0.0325253468	0.0604482921	0.006897229499999999	-0.2122401753	-0.033363811	0.0560528831	0.0193625072	-0.0084498146	0.0160881744	-0.0526665399	-0.10598415679999999	-0.0206717365	-0.0028038994	-0.0272020069	-0.0124297066	-0.013094178100000001	0.0252067653	-0.0352896368	-0.1424747352	-0.0325639074	0.0488672453	-0.0194408507	-0.07027824349999999	-0.051675802199999996	-0.0523480409	0.0671125142	0.0736518673	0.0141754542	-0.0046611927000000004	0.022034971299999997	-0.032559302400000004	0.08539884119999999	-0.0939308493	0.0013245282	0.0992895825	-0.0263035562	-0.0014204024	-0.0282296178	0.0597413351	-0.021666343199999997	-0.031348891499999997	0.013687164	-0.13034630960000002	-0.0803870767	0.014776269	-0.0187410213	0.0961359542	0.1046390594	-0.036585755299999995	-0.06025675780000001	-0.0468016404	0.0957821758	-0.0829374208	-0.0793605459	-0.0104770155	-0.0728515663	0.0581965549	0.0260661276	0.042067621	0.0511455402	-0.058221565999999995	-0.0344817002	-0.0276437644	-0.0303045368	0.0389979379	-0.0092364781	0.0582300013	-0.0085701011	-0.070443217	-0.1484035628	-0.0411064544	-0.13977440119999998	0.046642535	-0.0234005937	0.0047280871	0.0112373452	-0.0447512116	-0.0609907348	0.0062272474	0.044664379500000004	0.0825630335	0.047614312	0.00017202080000000005	-0.062095863499999994	0.12147235890000001	-0.0711933458	-0.043568603899999996	-0.0077423946	-0.037350148199999995	0.0285935648	0.036868956800000005	-0.058212980899999996	-0.025406349100000003	0.089024064	-0.0825559488	0.0110941461	0.0230479	-3.069999999999809e-05	9.424899999998829e-10	0.00053120569441	0.0109208	2.500000000000765e-06	0.00011926387264	6.2500000000038276e-12	-0.0659581	-0.02005090000000001	0.00435047095561	0.0004020385908100005	-0.00263003	0.0003946899999999996	1.557801960999997e-07	6.917057800900002e-06	0.00117489	-5.313999999999992e-05	2.823859599999991e-09	1.3803665121e-06	7.55319e-05	-0.0002625361	5.70506791761e-09	6.892520380320999e-08	0.0	0.0	0.0	0.0	0.0	0.0	0.0	0.0	0.0	0.0	0.0	0.0	0.0	0.0	0.0	-0.1919519818	1.443160163	0.2394877571	-0.8466456821	-0.3020851071	0.6115744394	0.0494796157	0.02832895055	-0.0335398535	-0.2746821671	1.063833528	-0.7987858601	0.4130320792	0.09668993011	0.5372146578	0.4966460799	0.212670934	0.2666912088	-0.7577341309	-0.9251908667	-1.42539695	-0.2536341013	-0.2272057216	1.422985446	-0.2167386228	0.4921590423	0.007813153391	0.6760245248	-0.4001521699
913.4245292242374	1.1227804856649757	834344.3705885197	1.2606360189900785	672.3466237192761	1.3442964935690045	452049.9824267098	1.8071330626219198	653.8935599798107	0.4875810077797951	427576.78778307023	0.2377352391475606	1.057025	17.589199	0.06848450000000003	-0.0392187631	0.0350339721	-0.05563794440000002	0.014033458	-0.0223040927	-0.0519533341	0.045306789400000005	0.0170160274	0.0350631301	-0.0617350767	-0.0275324072	-0.00048310160000000004	0.021121535299999997	-0.0004913713	-0.0289799852	0.117959619	0.0540624345	0.0163323181	0.039820605499999995	0.009220191899999999	-0.10668477330000001	0.0612142442	0.0214971773	0.0333804431	0.0133096427	0.07884564349999999	-0.1080078449	-0.0315489057	-0.1208871845	-0.1508880321	-0.0335062974	0.014422833799999996	-0.0101951732	-0.025504156099999998	0.0354924082	-0.1148927871	-0.0029575902	0.020217736200000003	-0.0528895976	-0.030347544900000002	-0.2011185296	-0.0776885753	-0.0769114335	0.0818649723	-0.0756172222	0.0855892969	0.091887654	-0.0080875696	-0.0260112983	-0.010190354799999999	-0.029562267599999997	-0.0546727554	0.052528667	-0.0353985338	0.0408110568	-0.0159655322	-0.0499909214	0.043585734800000005	0.011845192	-0.0332797784	0.09768600220000001	0.040855297900000004	-0.039925952	0.16162583630000002	0.050431091	0.0654100951	0.0317423341	-0.0035442469	0.0697564744	-0.0448988016	-0.1498211977	0.08417495109999999	0.0150179778	0.0466287418	0.0287705521	0.0400613554	0.044091081399999996	-0.0150771758	-0.0161139529	0.0483906114	-0.060454926299999996	-0.0153664335	0.0735789934	-0.0164489627	-0.0132083849	0.0386054828	0.05954896110000001	-0.0534469104	0.0382177204	0.044778088099999995	0.011916598200000001	0.053220770199999996	-0.031598942799999995	0.10315998539999999	-0.0069877028	-0.0861189862	-0.10141903140000001	-0.0169897236	-0.0328918215	0.10644597859999999	0.07987318360000001	0.037163529	0.0773611698	-0.1090471126	0.0638537847	0.045338435999999996	-0.1154202808	-0.028366711800000007	-0.0284335719	0.0099784063	-0.0156079069	-0.0144063996	0.161356775	-0.0300551446	0.0049585795	0.021545049900000002	-0.0221958654	-0.1293082551	0.0610543291	-0.0006500443	-0.1206422974	0.0990757543	0.0302665786	-0.11559503539999999	0.1671758	-0.0674083449	-0.0617166019	-0.0238268198	-0.044000200999999996	0.0275564979	-0.0332407929	-0.0680186378	0.0256205499	0.040840901400000004	0.031771024700000004	-0.0592274447	-0.1287022649	-0.0173172318	0.037325754700000005	0.023532564900000004	-0.0285762901	0.0487220348	0.0679398388	-0.0174964465	-0.06616057759999999	0.0186295563	0.0066341602	0.0178696211	-0.1605511097	-0.0486260476	-0.0348522421	-0.10402703619999999	-0.0022146379	-0.0639587259	-0.05931204950000001	-0.022715433700000003	0.08737987900000001	-0.0852536052	0.017961876	0.0230502	2.3000000000002185e-06	5.290000000001005e-12	0.00053131172004	0.0521369	0.0412161	0.0027182563416100003	0.00169876689921	-0.04596	0.019998100000000005	0.0021123216	0.00039992400361000017	-0.00255576	7.427000000000041e-05	5.516032900000061e-09	6.531909177599998e-06	0.00124598	7.109e-05	5.0537881e-09	1.5524661604e-06	7.55319e-05	0.0	5.70506791761e-09	0.0	0.0	0.0	0.0	0.0	0.0	0.0	0.0	0.0	0.0	0.0	0.0	0.0	0.0	0.0	0.0	-0.2167194221	0.8387475543	-0.05518288891	-0.5697545947	-0.3018158167	-0.6966442316	-0.9223410394	-0.1305365693	-0.9873233046	-0.4764785468	-0.1825410989	-0.148854179	-0.4786674497	-0.3115316923	1.596607775	-0.8697735249	-0.1544061061	-0.3139724943	0.359134805	1.354952293	0.2373621889	0.4110994658	-0.7975575392	-0.2708430172	-1.078572199	0.4270527066	-0.06261671077	0.8158414131	0.01147213218
917.666531229554	4.2420020053166345	842111.8625388821	17.994581013110356	672.5367433690109	0.190119649734811	452305.6711813948	0.03614548121528722	655.4762412569485	1.5826812771377945	429649.10285233724	2.50488002500252	1.029376	17.129107999999995	0.079715055	-0.0546194175	-0.0332088742	0.0454680979	0.11467807	-0.09595482289999999	0.0065481535999999995	0.0556020579	0.0508637531	-0.0329646617	0.1151831973	0.0149382205	-0.053450304000000004	0.0488221493	-0.0787365932	0.050434145199999995	0.0089229521	-0.1165258715	0.0590407613	-0.07366827570000001	-0.0196820193	-0.1522944258	-0.022113949900000002	-0.011367506299999998	0.0052871985	-0.001299596	-0.0918605405	0.0418498993	0.0094270862	-0.0371738335	-0.054816264100000005	-0.041430482000000005	-0.0224360689	0.025746956	-0.0671789275	0.1323173099	0.0068648495999999995	-0.0606537849	-0.0127451045	0.0504196417	0.0205383311	-0.1152987817	0.0127836977	-0.00023638630000000002	-0.060483270599999986	0.0613463008	0.00040276019999999996	0.013315739699999999	-0.0129227032	-0.0539476236	0.014996393	0.0477253087	0.0607870229	0.121086027	0.0052791887	0.0446239518	-0.04396758059999999	-0.0905941521	-0.0697231662	0.1489734214	0.0228748976	0.0514626131	-0.0254252506	0.0169031608	-0.0155438675	-0.0910129023	0.12480233939999999	-0.1102566893	0.1180377541	-0.0636331853	-0.0862415655	0.0267583181	0.0707819931	0.1528679835	0.047532726799999994	0.030993683799999998	-0.0991403275	0.022294301699999998	0.009817500699999999	-0.1143319753	-0.0147487975	-0.0017784467000000004	0.064262511	-0.0005186406	-0.0362411558	0.0852415458	-0.03572453	-0.11275914210000001	0.0857871349	0.0435602054	0.0822050342	0.0419459127	-0.0192697774	0.0679128163	0.10276737119999999	-0.026809615499999998	0.09337462390000001	-0.08461010220000001	-0.016206649099999998	-0.0060376326000000004	-0.0091473617	-0.09291779929999999	0.0522011258	0.027003836200000002	-0.0420714464	0.034254626600000004	0.0701912718	0.0175360692	-0.0060710501	-0.031714679100000004	0.0470278659	-0.0123205695	-0.0149005079	-0.0415342027	0.09493142539999999	0.05686601700000001	-0.019180566399999998	-0.00614292	0.0482681104	-0.0089121564	-0.0498554582	-0.0670312861	0.1272664834	-0.0782179593	-0.0049362935	-0.0656803236	0.037631192200000003	-0.0219411472	0.0379955945	0.0200651451	-0.0612026954	0.0831501154	-0.0734809383	-0.0100355923	0.07530986740000001	0.1716246461	0.012481781899999999	-0.0296803086	-0.037135117	0.12264636359999999	0.0878125181	-0.19961673149999998	0.040384811	-0.027956622799999997	-0.016807544599999998	0.1057858799	0.104859744	-0.0095673866	-0.0625024305	0.0089626778	0.0145958393	0.0252387371	-0.0062964926	-0.147096006	-0.0837020651	-0.06039868690000001	-0.0200054754	0.0855708907	-0.0876654421	0.0247355292	0.0230696	1.939999999999928e-05	3.76359999999972e-10	0.0005322064441599999	0.010931	-0.0412059	0.00011948676100000001	0.0016979261948100006	-0.0459032	5.680000000000269e-05	0.00210710377024	3.226240000000305e-09	-0.00307679	-0.00052103	2.714722609e-07	9.466636704099997e-06	0.00117489	-7.109e-05	5.0537881e-09	1.3803665121e-06	0.000252071	0.00017653909999999998	6.3539789041e-08	3.116605382880998e-08	0.0	0.0	0.0	0.0	0.0	0.0	0.0	0.0	0.0	0.0	0.0	0.0	0.0	0.0	0.0	-0.3125715645	1.304439709	-0.556961196	-0.741967657	0.6246138187	1.311268345	-0.2004637243	-0.0860252469	-1.44326617	0.05208872634	-0.2433708327	-0.5199749327	-1.335352552	0.5345617575	0.1726319433	-0.5246334498	-0.8613483498	-0.8131579827	-0.2152800236	-0.3799024453	0.2203560532	1.201357601	0.1845942387	0.9219294877	-0.5126129989	-1.110288675	0.06400819874	-0.8041103073	-0.39618592
915.8863549726483	-1.780176256905747	838847.8152250841	3.1690275056509574	671.9371537746098	-0.5995895944010954	451499.5386227236	0.35950768171407005	654.7214475293355	-0.7547937276129915	428660.17385490844	0.5697135712439148	1.380552	22.972776	0.03523765	0.0890769635	-0.010947134099999999	-0.0623081087	0.0956555212	0.054409222699999996	0.029144294700000007	-0.0603662749	-0.034712940899999996	-0.1414735249	-0.030567465	0.0178282202	-0.0108486537	-0.0060972019999999995	-0.06987658440000001	0.12582439980000001	-0.0731474901	-0.0048666096	-0.01835436	-0.0425134801	0.1269873251	-0.0383937118	-0.1173780758	0.057939690700000004	0.09021609779999999	-0.0017040615	-0.086469125	-0.020839903	0.0327932239	0.0373579546	-0.0580738832	-0.1369288867	0.1310394851	-0.022392239799999998	-0.0296653302	-0.08748995080000001	-0.0139969269	0.0960504475	-0.0351343026	-0.0334427517	-0.0295168452	-0.0040384302	-0.0336027312	-0.1266246589	0.057421332900000004	0.0397582377	0.051655069299999995	0.020743226899999998	-0.0093319256	0.1087352525	-0.0612715463	0.0668953176	0.08443553150000001	0.047395469100000004	-0.0125142275	0.026545814900000003	0.0443379118	-0.06725171049999999	0.0747649045	0.06152913440000001	0.1552785382	0.0095851059	-0.0687130204	0.05921557860000001	0.06660522370000001	-0.0073044877	0.1145607965	-0.09377325880000001	-0.023143012200000004	-0.09709101619999999	0.0050099287	-0.0362925792	-0.0203459287	0.0336656005	-0.09963098029999999	-0.09752285289999996	-0.0262715494	0.0793876602	0.08753948119999999	0.0038488522	0.0322887444	0.1244568382	0.060188236	-0.0425076755	0.0153793203	0.0273018195	-0.1252377872	0.0210071069	0.044840269	0.0744897653	0.0076627749	-0.0789515457	-0.08826778029999999	0.0745596278	0.026711784	0.0567974364	-0.043253920999999994	0.035091159	-0.07520525110000001	-0.1587570342	-0.0348906296	-0.09576897289999999	-0.0448681612	-0.0566360139	-0.032482801	0.0349439725	0.0861774058	0.046757670300000005	0.0703520682	-0.096918561	-0.07591609839999999	-0.0314986488	-0.033396320699999996	-0.0719747644	-0.013879961299999998	-0.0704446757	0.016936478799999998	0.0650949204	-0.0682034304	0.2064352392	0.0389616011	0.06334907299999999	0.08847126710000001	0.0352019705	-0.0005807655000000001	0.0076581635	0.0142190615	-0.10537965699999999	-0.0111024566	-0.0261894647	0.022839466099999997	0.0789959965	0.0136643223	0.0832784871	0.0353284436	0.0009158897	-0.07483497929999999	0.0433694022	0.0071343770999999995	-0.1211076736	0.06578363570000001	-0.0650008804	-0.045992169900000004	0.0499384527	-0.045701709400000005	0.000257901	0.0001429669	-0.09462406779999999	0.043808719	-0.0065994251	-0.0188447891	0.0332461343	-0.0739837285	-0.2319892228	0.0097695913	-0.0614726652	-0.0172787462	0.0836005109	-0.0897833739	0.031379628	0.0230588	-1.0799999999998313e-05	1.1663999999996352e-10	0.0005317082574400001	0.0109093	-2.1700000000001232e-05	0.00011901282648999995	4.708900000000535e-10	-0.0459625	-5.9300000000005175e-05	0.0021125514062500005	3.5164900000006147e-09	-0.00244009	0.0006367000000000001	4.053868900000001e-07	5.954039208099998e-06	0.00117489	0.0	0.0	1.3803665121e-06	0.00018585400000000005	-6.621699999999995e-05	3.4541709316000016e-08	4.3846910889999934e-09	0.0	0.0	0.0	0.0	0.0	0.0	0.0	0.0	0.0	0.0	0.0	0.0	0.0	0.0	0.0	-0.3746603671	1.32461041	-0.04527997481	-1.151103595	0.9982382453	1.192992619	1.115366943	0.008312378587	1.128327775	-0.1804419327	0.8261636241	-1.431875333	1.380544413	3.389632057	-0.570995328	0.6383071194	0.6304604209	-0.2579786012	0.3893003135	-0.3908398127	-0.2050896959	-0.533470015	-0.2023701094	-0.1439044763	-1.091417988	-0.575518895	0.6879750443	-0.9813844678	-0.1076661555
911.966000012682	-3.920354959966289	831681.9851791313	15.369183012132284	671.6700707997194	-0.2670829748903998	451140.68400810007	0.07133331547630592	652.1890368343004	-2.5324106950350824	425350.5397668525	6.413103928328068	1.407159	23.415533	0.059727950000000016	-0.0003109727	0.0409680302	-0.0848424156	-0.17646887960000002	-0.0467010097	-0.0104448461	-0.0297948563	-0.0352474289	0.037109596099999996	-0.16033323970000002	-0.0032668737	0.0069093716	-0.1345450406	-0.0111329502	0.032032471800000004	0.0104566171	-0.0586991266	-0.0356628776	0.12426334550000001	0.0224526182	-0.0718466594	0.0068571925	0.053852753899999994	-0.0453804985	-0.0786021331	-0.0311456594	0.0230937498	0.0184478166	-0.0235031125	0.017502460600000002	-0.0387509049	-0.0105709778	0.03156896	-0.0229001058	-0.0081861065	0.08952127900000001	0.0396083377	0.0323139665	-0.0238185327	0.0278153046	-0.11646052380000001	-0.11724415640000001	0.0335019861	0.056332175	0.001729697	0.13636542289999998	-0.0724318828	0.1628524199	-0.0045824831	-0.0855136949	0.0398160124	0.027563200099999997	0.0343268269	-0.0007150962	-0.0668752366	-0.0274158727	0.0477832294	0.029058061800000007	0.043669941	-0.026075707000000004	-0.098833343	0.11678657630000001	0.0466758205	0.1901101896	-0.063141937	-0.11035226599999999	-0.076054866	-0.0168450074	-0.021084047999999998	0.033189488999999996	-0.0069086658	0.0680950368	0.0486848532	-0.0119799537	-0.011475871399999999	0.11401352449999999	0.023426463999999998	0.0540988919	0.140677281	-0.05636908030000001	-0.043019762999999996	0.022585418599999997	0.0073335924	0.0208602543	-0.0716537687	0.0321050678	0.163354084	0.0627543314	-0.019442542900000002	0.0031927326	-0.0690222998	-0.011881548899999999	0.030913046800000007	-0.0128920808	-0.090406165	-0.0530545909	-0.0581534194	-0.058022643600000014	0.054702337000000004	-0.039891424700000004	0.0208185868	0.1001326142	0.0196585128	0.005339185400000001	0.057294111399999986	0.10363967130000001	0.0416533455	0.018888441699999998	0.0706728212	-0.06658240809999999	0.0422344049	-0.029651755499999998	-0.0167684478	-0.0767391264	0.0015567304	0.0012536974000000002	-0.0022355443	-0.0843373328	0.0018343279999999999	-0.0549033938	-0.021126849399999998	-0.028335419599999998	-0.0964417693	-0.0080459853	-0.032999759	-0.1022600375	-0.1031817522	0.0825076758	-0.10379854570000001	0.036462831	-0.0274914577	-0.05923558650000001	-0.0538537135	0.020631488	0.039581488399999996	-0.12133973949999999	-0.060938373	-0.1188457423	-0.0152085097	-0.1744329754	0.0158756162	-0.0268549548	0.0067281424	-0.09158454960000001	-0.0026874139000000003	-0.008238276800000001	-0.015894849	-0.0402054414	-0.10206327119999999	0.0382005366	-0.0633788448	-0.0222388666	0.0886382522	-0.0845302775	-0.06253375950000001	-0.0145375318	0.0814724559	-0.0916002999	0.037859373599999996	0.0192405	-0.0038183	1.457941489e-05	0.0003701968402500001	0.0364437	0.025534400000000002	0.0013281432696899994	0.0006520055833599999	-0.059612800000000014	-0.013650300000000004	0.0035536859238400006	0.0001863306900900001	-0.0026695	-0.0002294100000000002	5.262894810000009e-08	7.12623025e-06	0.00117489	0.0	0.0	1.3803665121e-06	0.000290943	0.00010508899999999997	8.464782924899999e-08	1.1043697920999994e-08	0.0	0.0	0.0	0.0	0.0	0.0	0.0	0.0	0.0	0.0	0.0	0.0	0.0	0.0	0.0	-0.2213666997	1.345001448	0.08402936106	-0.2694428202	-0.2286665237	-0.4700537666	0.2770705484	-0.08375896443	-0.6858964188	-0.308595661	0.09161630256	0.5427297854	-1.088597959	1.126647548	-0.1821357234	-0.1445719868	0.6643970709	-0.06707036897	1.468024006	0.8765623178	-0.01249797594	0.1910465771	-1.602990247	-1.409232479	-0.5435180966	0.2304586412	0.4930936488	1.073649858	1.145822756
913.4920827104767	1.5260826977946635	834467.7851747244	2.3289284005082385	672.3360396559879	0.6659688562684778	452035.7502202981	0.4435145175195445	651.9248308297102	-0.2642060045901644	425005.9850523463	0.06980481286149798	1.100667	18.315414	0.044286049999999966	-0.0375982485	-0.0776002029	0.056233177	-0.13878755	0.010506252800000001	-0.072161787	0.0442534141	-0.0102074031	0.0560553505	0.0264879204	0.023556232200000003	0.0171369872	-0.0407001083	0.0370550408	0.046494449699999996	0.048250993799999996	-0.0564495481	0.058160320099999996	0.13173086	-0.0172508018	0.054022409800000004	-0.0304152619	-0.0325497614	-0.036938340800000004	0.0240100587	0.0406936137	-0.0736763947	-0.028898297599999997	-0.029312874500000002	0.0950638652	-0.0663859884	-0.1459918109	0.0744150813	0.0855275971	-0.1229673058	0.051111034699999995	-0.0187374127	-0.0726178154	-0.0034196089	0.0168470514	0.0272618666	-0.0107922326	0.0345932517	-0.011688019499999999	-0.06577287400000001	0.14580413	0.0551946808	0.0368162438	-0.06472794230000001	0.08940069689999999	0.17006286420000002	0.103300951	-0.0103006704	0.0453349671	-0.0491350354	-0.063209261	-0.048376324299999995	0.0154304248	0.1082834582	0.0559989531	-0.0086424317	0.056242369400000006	0.0235630207	-0.0874819376	0.015941256	0.1246091043	0.0292384134	0.0787128269	0.0076080631000000004	0.0212801037	-0.0050752283	-0.0051674676000000004	0.027881395099999998	0.0036954456	0.0818509734	-0.0335789153	-0.038329256	0.0315138297	0.080865847	-0.0915063337	-0.0696755411	0.0861474736	0.07196182200000001	-0.02089643	-0.0446734443	0.0553851612	-0.032800758199999995	0.0026821418	-0.0153013833	0.0648280101	-0.0247724752	-0.0231676385	-0.008423952299999999	0.0102020275	-0.1090320297	-0.0310967364	0.0216718152	-0.0094208921	0.0585851013	-0.0701651331	0.0090630362	-0.0196582358	0.151971688	0.0977657165	0.0234169979	-0.0807829043	-0.0458938528	0.09471549779999999	0.16146040539999998	-0.0093167064	0.021999939500000003	-0.0491602943	-0.0344562246	-0.0300116393	-0.0906883491	-0.0143812814	0.0848269682	-0.0181456225	0.0563982254	0.1546866522	0.046943944800000005	0.08186060519999999	-0.0566520707	0.0030179428000000003	-0.1326371019	0.007334104599999999	0.089257583	-0.0788940603	-0.0550483346	0.0196386518	-0.0632520517	-0.0776266459	-0.06240472	0.0408014528	0.0556598439	-0.1306386366	0.0402607064	0.0777444023	0.0626274268	0.023042159	-0.08693466300000001	-0.0387149737	-0.0066953507999999995	-0.0259802827	-0.0155626505	0.1632026342	-0.0249188656	-0.0055779955	-0.0269267574	0.0487646046	0.015050544499999999	-0.0046088465	-0.0104404566	0.0459973199	-0.0635817472	-0.0117841304	0.0791907393	-0.09311012869999999	0.044140827699999996	0.0230735	0.003833	1.4691888999999994e-05	0.0005323864022500001	0.056858300000000014	0.02041460000000001	0.003232866278890001	0.0004167558931600005	-0.0459347	0.013678100000000012	0.0021099966640899994	0.00018709041961000036	-0.0027066	-3.709999999999998e-05	1.3764099999999986e-09	7.32568356e-06	0.00123329	5.83999999999999e-05	3.4105599999999887e-09	1.5210042241e-06	0.00032265	3.170700000000001e-05	1.041030225e-07	1.0053338490000007e-09	0.0	0.0	0.0	0.0	0.0	0.0	0.0	0.0	0.0	0.0	0.0	0.0	0.0	0.0	0.0	-0.2734578476	1.125062548	-0.4064266581	-0.8418652356	0.1326481854	-0.6608277925	-1.734047852	-0.1168205861	-0.7256499099	-0.3310055739	-0.2157564121	-0.02307341992	-1.007098959	0.1133312234	0.8337733857	1.077714864	-0.8603358045	-0.2189704638	0.1223707242	1.13102662	1.474312461	1.994644556	0.359738649	0.6017398509	-0.09670668519	-0.9648936163	-0.8083138846	0.09161516628	-0.1093347043
911.5579582315744	-1.934124478902277	830937.9112153167	3.740837499889004	671.1343308921205	-1.201708763867373	450421.2901020143	1.4441039531556494	653.1752059172748	1.250375087564521	426637.8496250743	1.5634378596019836	1.187211	19.755533	0.113805796	0.0706335167	0.0664570132	0.022721202599999997	-0.018219570900000003	0.0928993523	0.08212888559999999	-0.030872510099999997	-0.016487071000000002	-0.024260074700000002	-0.013103276899999999	-0.0142384455	0.0838658857	0.0578577213	-0.0497889521	0.0346385668	0.0267591588	-0.0707549628	0.0480436088	-0.1080521352	-0.0935735352	0.0276824083	-0.0422625404	-0.0209186696	0.0143833897	-0.015128522299999999	0.0331149942	0.0082559486	-0.0584538558	0.0100328507	0.0098982308	-0.052698225099999996	0.0091986507	-0.0448032663	0.034158120699999996	-0.0078088086	0.0033650285999999997	-0.0177678391	0.0851832645	0.023294266600000002	-0.0037906524	0.0320151456	-0.0027815234000000003	-0.0441996615	-0.0730169004	0.0122624748	0.0023272274	0.0378854885	-0.07219821	0.0922503312	0.0002442708	-0.018255291599999997	-0.128173238	-0.0144176007	-0.013995676100000002	0.0426176771	-0.09910625890000001	0.0844273852	0.042615508499999996	0.0039521508	-0.0067966806000000005	-0.0410840079	-0.02392662	0.0589033451	-0.0628482476	-0.009548821800000001	-0.0265845624	0.0080944045	-0.0230436424	-0.0023778125	-0.0360590906	-0.037891240699999995	-0.0085818041	0.0191648453	-0.0060757675	-0.08910000300000001	0.0379985164	-0.0109953532	-0.0738457135	0.0202799626	-0.009756918100000001	0.0523959928	0.0696652955	-0.082064832	-0.0070611429	0.0029617576	-0.038972458599999996	-0.0240871527	-0.0380304579	0.0708145699	-0.0569543388	-0.041723819100000004	0.0489011443	0.059637859400000014	0.034242114	0.030077132000000006	0.1223560805	-0.0252551673	0.0176181283	-0.0401980022	-0.0360174515	-0.0364683367	-0.0047932444	0.0059746353	0.0182168441	0.030884681299999998	0.0393949662	-0.016492055	-0.0106137474	-0.0287707707	-0.0486693107	-0.00470886	0.0445808605	0.0208311998	0.037302720299999995	-0.10028901300000001	0.0334134956	-0.0246954798	0.1289411164	0.034822089199999996	0.0203827954	0.0197002726	-0.0060614114	0.0818820889	0.0360547109	0.1275990708	-0.054335397199999996	0.0648761275	0.0075354979	-0.0123197471	0.1113932166	-0.0658649659	0.0664032219	-0.0424163891	0.0599562516	-0.0036213244	0.07473187519999999	0.019711756599999998	-0.0352025024	-0.0107011228	0.0445926644	0.027446656	-0.030259462799999998	0.0086833921	-0.0287492123	0.0159271599	0.0176174404	0.08435110970000001	-0.006553036700000001	0.0637137338	0.1510067082	-0.08823742820000001	-0.0667173266	-0.0008187819000000001	0.1892632176	-0.0646164087	-0.00902085	0.0767596645	-0.09430779859999999	0.0501910907	0.0230479	-2.5600000000000626e-05	6.553600000000317e-10	0.00053120569441	-0.000626401	-0.05748470100000001	3.9237821280099993e-07	0.0033044908490594016	-0.00777611	0.038158589999999985	6.04678867321e-05	0.0014560779907880994	-0.00264938	5.7220000000000194e-05	3.2741284000000216e-09	7.019214384399999e-06	0.00117489	-5.83999999999999e-05	3.4105599999999887e-09	1.3803665121e-06	7.55319e-05	-0.00024711810000000004	5.70506791761e-09	6.106735534760999e-08	0.0	0.0	0.0	0.0	0.0	0.0	0.0	0.0	0.0	0.0	0.0	0.0	0.0	0.0	0.0	-0.3898279192	0.9368555628	-0.4144352715	-1.149180191	0.2724547675	1.326589903	-1.527821702	-0.4258036264	1.328314938	0.5120682429	0.04875782178	-1.863764067	0.369255532	0.231459108	-0.4883783636	-0.2938678716	0.7154052068	-0.4040634657	0.4600646376	-0.8767337467	-0.1665193906	-0.1809502045	0.4066086384	-0.51034296	-1.033414121	-0.9354125126	0.7651918228	-0.7283160108	-0.8253186464
913.4927556122452	1.9347973806708296	834469.0145560531	3.7434409042507033	671.1226065124538	-0.011724379666702587	450405.55297206994	0.00013746107856898911	653.0963054962563	-0.07890042101848849	426534.7842528593	0.00622527643689474	1.1168360000000002	18.584467	0.092296191	-0.0516373657	0.0123112091	-0.057373399299999996	0.0031400581	-0.0056130329	0.025470342599999998	-0.0254805747	-0.017259555	0.077241562	-0.033675719	-0.0311095715	-0.019542438	-0.0525852743	0.010002185	0.027745207	-0.057780865999999986	0.0335060761	-0.031278313700000004	-0.0830027115	-0.017878828700000002	-0.08694687970000001	-0.050500163	-0.069200227	0.0953886944	0.018374526699999998	-0.0504534323	-0.1406575607	-0.0059624683	-0.034214326600000004	-0.006519800000000001	0.0037795504999999997	0.0271765389	-0.05746844	-0.0056615325	-0.0143398392	-0.028766901600000002	-0.0743878704	-0.0408700143	0.0273008555	-0.0378500004	0.026543226899999998	-0.1010775732	0.0934073235	-0.037578961699999996	-0.11919712140000001	-0.0060921572	-0.08204611690000001	-0.029573699300000002	-0.11658119550000001	-0.025918514700000003	0.0281204927	-0.0028275044	-0.13810499939999998	0.020108636200000002	-0.0527934871	0.1099480502	0.0785447692	-0.114626909	-0.048058051	-0.015262948600000001	-0.0363271324	-0.0310106671	0.0038932627	-0.0041215062	-0.0749182039	0.0488564689	0.0001237908	0.10357064560000001	-0.0019156852	0.039418609	0.0830863159	0.10823191509999999	-0.0569181675	0.0203436264	0.0128500467	0.0615704154	-0.0135539504	0.005902861	0.008283774300000001	-0.005895007	0.1063879989	-0.0751999963	-0.0410007884	0.0178346809	-0.0504730885	0.0820819598	0.0477030538	0.0249662522	0.012439181100000002	0.0219805123	0.023960290699999998	-0.025751969	0.0125925773	-0.0337673685	0.0576994437	0.07220318490000001	-0.042730358600000004	0.036386316099999996	-0.1278159083	0.0377567871	0.010637145700000001	-0.034510247599999995	0.1104570705	-0.0073588180000000005	-0.0239608224	-0.013231288899999999	0.0295689794	-0.052822886799999996	-0.0197512094	-0.0031258119	0.019295929099999998	-0.1429132627	0.0190949716	0.0334443302	0.1051368314	0.0202597199	-0.0910023427	-0.0643739959	-0.061523382	0.1496898864	0.0438488609	-0.023616554300000002	-0.0439487476	0.0007088763000000001	-0.0679490526	-0.1058976837	0.0394083523	-0.0759444969	-0.051017092800000004	-0.0411099162	0.0187314872	0.0961016288	0.0363930183	-0.0049151835	-0.0186531596	0.019018883400000002	0.0024561503	-0.0053313353	0.0526551587	-0.053311856799999995	0.0750017451	0.1529594591	0.0008162536	-0.0150171525	0.008361875	0.0279273609	0.032694971600000004	-0.0330188451	0.0252444348	-0.0030705603999999997	0.015791955400000002	0.0691982559	-0.0360884745	0.1175316741	-0.0656375272	-0.0062500073	0.0741838168	-0.0951892942	0.0559784738	0.0168591	-0.0061888	3.8301245440000014e-05	0.00028422925280999987	0.0243084	0.024934801	0.00059089831056	0.000621744300909601	-0.0612437	-0.05346759	0.0037507907896900004	0.0028587831804081	-0.00274557	-9.619000000000034e-05	9.252516100000064e-09	7.538154624900001e-06	0.0012328	5.7909999999999986e-05	3.353568099999999e-09	1.5197958400000004e-06	7.55319e-05	0.0	5.70506791761e-09	0.0	0.0	0.0	0.0	0.0	0.0	0.0	0.0	0.0	0.0	0.0	0.0	0.0	0.0	0.0	0.0	-0.2037422232	1.21563672	0.2064335914	-0.3470851377	-0.01659294547	-0.09108572622	-0.8113180881	-0.2365988256	-0.1866742445	-0.2704347334	0.9228006278	-0.06535551707	0.01150550372	-1.197867168	0.4881548028	-1.399770909	0.8244377937	-0.1280551287	-0.4449797851	0.0581622904	0.118055388	-0.03644771724	-1.225413901	-0.6029446166	-0.8615048069	-0.003499429367	-0.1504464991	1.929666269	1.181750353
917.6038050820888	4.111049469843579	841996.7431011279	16.900727743501168	672.9192231492524	1.7966166367986034	452820.28088379325	3.227831339621525	652.519981862818	-0.5763236334382782	425782.32673025224	0.33214893045949884	1.1512950000000002	19.157881	0.05005015500000001	-0.09362659539999996	-0.11640662019999999	-0.0145990966	0.0134413339	0.0239517466	-0.1172701208	0.0588623984	0.0033817688	0.0150005223	0.0444878363	0.0373942163	0.0107159312	-0.0034512518	0.0321673195	0.0993648849	-0.0082623912	-0.0037388841999999997	-0.005010149	0.07091211830000001	-0.06741471809999999	0.0077773618	0.044542270300000006	0.1083555923	0.11889776560000001	0.0350928287	0.0113585172	-0.09185662900000001	-0.0322446223	-0.0033936009999999996	-0.0332654346	-0.0270723173	-0.22893418010000002	0.0077182073	-0.007234105699999998	-0.0824126753	-0.08681222	-0.0231770444	-0.013738495	-0.054531880199999994	-0.0849870174	-0.061635308300000004	-0.0539632989	-0.10436531	-0.0633134345	-0.073780629	0.0797181987	0.0531345085	-0.0039128565999999995	-0.0199780175	-0.058302067	-0.041128811099999996	-0.07226434400000001	-0.0714986547	0.0533361042	0.0302128972	0.10966026150000001	-0.042091484400000004	-0.005868181899999999	-0.0599844625	0.013902651200000001	-0.0178672065	0.0662284038	0.0465303809	-0.0508744567	0.029808158900000006	-0.0494797176	-0.0031299253999999997	0.08955878710000001	-0.1521083851	-0.0364964268	0.0149125988	0.0704361837	-0.0686884782	-0.018647888999999997	0.11777789289999999	-0.0430560891	0.0260960409	0.0866091326	0.0642716133	-0.0024996412	0.0502986645	0.0571379608	0.1154396861	-0.0167789469	0.016414875	0.061299401399999995	-0.1031689783	-0.0089041277	0.0076480224	0.053377700599999994	-0.0249308783	-0.0251071755	-0.041049298	-0.0314473402	-0.0061535102	-0.0228409126	-0.0671421685	0.0048054251	-0.0708633337	0.018536658	0.1545922152	0.07852506349999999	0.0825607808	0.0138581603	-0.0596143351	-0.016825446100000002	-0.1467305333	0.1282598371	0.0431287413	0.0632337591	0.0604836312	0.0043552859	0.1096493575	-0.0044498723	0.007449603199999998	0.0027110709	-0.0374725276	0.0113747427	0.0926307905	0.0686247454	-0.0154322868	0.0244026896	-0.0400541747	-0.0742341302	0.0696855575	-0.1176979592	-0.0142477092	-0.0997235166	0.0255839371	0.0061822421	0.07296551679999999	-0.050644823	-0.056873177699999986	0.061197443	-0.0931165492	-0.0163524146	0.0863343653	0.0533019713	-0.0644652806	-0.0779100633	0.060818455599999995	0.0002324892	-0.07229979269999999	-0.0619018275	0.059219921399999986	0.035617046400000005	0.072706575	0.0639043372	-0.0427439992	0.0454092718	-0.037112677000000004	-0.021163188500000003	-0.10285357210000001	0.0602136363	-0.0666448887	-0.0034739251	0.0714680542	-0.0957516603	0.0614726652	0.0162559	-0.0006031999999999983	3.638502399999978e-07	0.00026425428481000003	0.0432316	0.018923199999999998	0.0018689712385599995	0.00035808749823999976	-0.047498	0.0137457	0.002256060004	0.00018894426849	-0.00267447	7.110000000000016e-05	5.055210000000023e-09	7.1527897809e-06	0.00117489	-5.7909999999999986e-05	3.353568099999999e-09	1.3803665121e-06	0.000282083	0.0002065511	7.957081888899997e-08	4.2663356911209984e-08	0.0	0.0	0.0	0.0	0.0	0.0	0.0	0.0	0.0	0.0	0.0	0.0	0.0	0.0	0.0	-0.1731697363	1.258508293	-0.395529681	-0.6785104757	-0.2856799433	-0.05092443183	-0.964830967	-0.2564234669	-1.560765163	-0.1491555666	-0.4993415805	0.05600685897	-1.35388365	0.9839532969	1.741857626	0.3052993705	-1.030560575	-0.01760968976	-1.280519629	1.076458717	2.106820293	2.076070827	1.301086914	0.7441523349	-0.7144942613	-0.3782826917	-0.4602693577	0.05702812448	-1.141319597
910.1919676414892	-7.411837440599585	828449.4179590858	54.93533424587378	670.9134548217528	-2.0057683274995948	450124.86386086006	4.023106583600524	652.1241094999283	-0.3958723628896905	425265.85419107456	0.1567149276998668	1.39373	23.192074	0.07443983499999997	0.1299343036	0.048949473099999995	0.0099832782	-0.0905842243	0.10554494789999999	0.059482340700000004	-0.0632278074	-0.049363436100000005	-0.0756658679	-0.0032520078999999998	-0.0132190903	0.09763859800000001	0.031774843500000004	-0.013361301	0.0605338842	0.0072835721	0.027198755800000002	0.037352295099999995	0.0027072733	-0.10275982339999999	0.07102524610000001	-0.035142470499999995	-0.0093958397	0.02935791	0.0113389423	0.0101665002	-0.1222134352	0.0657266784	0.13981126230000002	0.1413137932	-0.050274789199999996	-0.0176816941	-0.0323703927	-0.0171908007	0.0704243679	-0.050435011200000004	-0.0091758699	0.1530419707	0.023824580499999998	-0.0828822282	0.024957794300000002	-0.020862213600000002	0.0322609493	0.0404803748	-0.028721476099999997	0.055996295	0.0313133336	-0.021417874500000003	-0.094260447	-0.0031432743	0.0227737758	-0.103828546	-0.0032806323	-0.0089624897	0.0292216349	0.045931426100000006	0.0311211871	0.0834400861	0.12729257730000001	-0.0432345964	0.002362971	0.011642006699999999	-0.12554578630000002	0.001348019	-0.0109493611	0.0328701754	-0.08793285619999999	0.0201404996	0.09576036460000001	-0.0137849572	-0.1629184243	0.0476355104	0.0370281991	-0.0715725844	-0.11113337279999999	0.0254562122	-0.0294360277	-0.039840002400000005	0.0891210516	-0.0425727383	0.0400525434	0.0190248137	-0.0680891616	0.0143548028	-0.0163969114	-0.1043251048	-0.0022988036	-0.0748527044	0.0687230079	-0.03291871	-0.0787805301	-0.0097147156	-0.0800131781	0.0027104703	-0.0039954407	0.079284676	-0.0014854648000000002	-0.0143510324	-0.0743602932	-0.0334628294	0.1056058722	-0.0926938537	0.07428315490000001	0.1608726744	-0.0256261145	0.007761066899999999	-0.0330861489	0.1064556338	-0.1543306994	-0.05202146	0.0633177608	0.006425976	-0.028338561499999998	-0.049991903899999995	0.0388862823	-0.0365403177	-0.0472161041	0.0011984832	-0.1062868966	0.0227547992	-0.0157348657	-0.0003964743	-0.0457562667	0.021654109700000004	-0.0131683031	-0.057577284900000004	0.0435118082	-0.048041417	0.1467402414	0.1403658454	-0.06667555	-0.015186136599999999	-0.0023709619	-0.0112383725	0.044833707800000004	-0.0383234524	-0.0574644108	0.0690751902	0.0415369739	0.07333809940000001	-0.007689229899999999	0.0542892612	-0.0056389101	0.0794217243	-0.0107067251	-0.0867874141	0.0157826247	0.0136561028	-0.11547344429999999	-0.1251680111	0.0209387885	-0.09473171279999999	-0.0573690704	-0.0422870114	-0.06763828200000001	-0.0006949307000000001	0.06861749889999999	-0.0959930115	0.0666448887	0.0230489	0.006793	4.614484900000001e-05	0.00053125179121	-0.00503718	-0.04826878	2.53731823524e-05	0.0023298751226884	-0.042964	0.004534000000000003	0.001845905296	2.055715600000003e-05	-0.00266346	1.10100000000001e-05	1.212201000000022e-10	7.0940191716e-06	0.00125421	7.931999999999991e-05	6.291662399999986e-09	1.5730427241e-06	7.55319e-05	-0.0002065511	5.70506791761e-09	4.2663356911209984e-08	0.0	0.0	0.0	0.0	0.0	0.0	0.0	0.0	0.0	0.0	0.0	0.0	0.0	0.0	0.0	-0.3139840537	1.280250502	-0.2413966081	-1.408454522	0.3046563814	0.6108756171	-1.234126577	-0.2362018028	1.476434898	0.5736089652	0.94585833	-1.86550471	0.9921700206	1.46699847	-0.3883655642	0.4949539022	0.4982713237	-0.02202063087	0.4116231802	-0.8578380075	-0.3760829874	-0.7340498159	0.5547605658	-0.4410507183	-0.9582069599	-1.422179118	1.119619179	-0.7496767725	-0.5529879402
909.3637718474404	-0.8281957940488383	826942.4695486036	0.6859082732801857	670.4595446599109	-0.4539101618419181	449516.0010255751	0.2060344350233563	652.4469100646096	0.3228005646813017	425686.9704528568	0.10420020455856724	1.342215	22.334841	0.055713985	-0.0409110152	0.0353162762	0.029461122200000002	-0.0961627439	0.03589355	0.0703415503	-0.0285865852	0.0001435985	0.13088421960000002	-0.0169831046	-0.051452862099999996	-0.012501916	-0.0472654925	-0.026305189	-0.0359975163	0.0030009356	0.056178388899999994	0.001107759	-0.0774199248	-0.0755557281	-0.0031257832	0.0066594546	-0.1389407322	0.0504097342	0.0001986169	0.0087508899	-0.026809178700000002	-0.050303085899999996	0.0833918787	0.0348751022	-0.0033609207	-0.050812192699999995	-0.09417947119999999	-0.0207819222	0.0381738506	0.0258151179	0.0339932793	0.1012824442	-0.009779204100000001	-0.0230513979	0.0506407054	-0.11193674710000001	-0.0117398626	0.0621835621	-0.0487989195	-0.0532027417	-0.0656686082	-0.0689125903	0.0297801437	-0.010536715600000001	-0.0965300745	-0.08417397900000001	0.1177668935	-0.0083615702	-0.0131888096	0.0979597585	0.08734894789999999	0.011544016399999999	-0.0722688668	0.043050011500000006	0.0681767792	-0.010657741299999999	0.0836426678	0.059228816	-0.0401075505	0.0159341633	0.1412719845	0.0001169674	0.048991491799999995	0.1171323216	0.0705822051	-0.004387177700000001	0.0069420528	0.0644370064	0.021349039700000003	0.0676816155	-0.0869377184	-0.0734310086	0.0165986303	-0.0319155454	0.013652683999999998	-0.0889208373	-0.0834688238	0.0198385991	-0.0552437185	0.0990398291	0.0727170217	0.0294518577	0.0328407465	-0.0233716243	0.031429812599999996	0.0442832774	-0.041216643	-0.0054262793000000005	0.044033705	0.05651097190000001	-0.028512415099999997	0.1356697579	-0.060821670700000004	-0.041437028199999996	-0.0151520178	-0.035154433799999996	0.0118111647	0.0160049517	-0.09388619599999999	0.0291867057	-0.0703582513	0.0420740811	-0.0280111144	-0.008199214100000001	-0.052878502800000005	0.0060245219	0.0391408493	0.0182361836	0.0351794794	-0.0305570645	-0.1651676484	0.0086216595	-0.06916845719999999	0.0689658541	-0.07652654610000001	-0.0697459156	0.0242277156	0.0076799811	0.0303379238	0.0475509472	-0.0102216046	0.0096442234	0.0192690038	0.0197116748	-0.0587306178	0.1332877051	0.1561409346	0.0943460258	0.0316461233	0.0049808269	-0.0160105205	-0.04485317690000002	-0.021587912400000003	-0.027026288500000002	0.051545476900000005	-0.0368037535	-0.0517211627	-0.033144568799999996	-0.0989072621	0.08443746140000001	0.01920144	-0.0713633223	0.08754731519999999	-0.057330778799999996	0.0249367924	-0.0608085182	0.1545494975	0.0402081996	-0.06861749889999999	0.0020846464	0.0656375272	-0.0959125386	0.0714680542	0.0230535	4.600000000000437e-06	2.116000000000402e-11	0.0005314638622500001	0.0208422	0.02587938	0.0004343973008399999	0.0006697423091843997	-0.05330880000000001	-0.010344800000000015	0.0028418281574400014	0.00010701488704000029	-0.00266346	0.0	0.0	7.0940191716e-06	0.0010046	-0.00024960999999999994	6.230515209999998e-08	1.00922116e-06	0.000215626	0.00014009409999999998	4.649457187599999e-08	1.9626356854809998e-08	0.0	0.0	0.0	0.0	0.0	0.0	0.0	0.0	0.0	0.0	0.0	0.0	0.0	0.0	0.0	-0.1885173541	1.136033327	-0.02782282367	-0.4600080081	-0.6023230488	-0.01616250357	-1.216559321	-0.2283148827	-1.151583281	0.1047060884	0.4747402608	-0.09711248395	-0.5533510702	-1.534631008	0.1568934646	0.2392000665	1.208531062	-0.2887734073	-1.789384721	-0.7142751219	-0.2445376627	-0.4808050493	-1.033534682	-0.921195809	-0.8489738912	0.04009776274	1.205415051	0.8931554431	1.412756974
916.4766068500304	7.112835002590033	839929.3709033452	50.59242177406994	672.4383469141767	1.9788022542658157	452173.33040067065	3.9156583614874734	654.1464314340002	1.6995213693905953	427907.5537578371	2.8883728850152837	1.101053	18.32184	0.05859380500000001	-0.0079500843	-0.0662990224	-0.0036135090999999996	0.1188359942	-0.1088331608	-0.0867460075	0.0294794611	-0.0322430875	-0.0071390265	0.0704567249	-0.0143500173	-0.0492763434	0.0727649115	-0.015710647299999998	-0.1040532192	-3.62243e-05	0.0089269953	-0.0475368678	-0.0138302505	-0.0297741453	-0.018149059199999998	-0.005767758	-0.0750240606	-0.0030032975	-0.0522985038	-0.0063208526	-0.0103637728	0.11119828179999999	0.0284755468	-0.0064774486	-0.0553473606	0.0443848841	0.07413273940000001	0.10019984259999999	0.1162342867	-0.041618145499999995	0.0676898635	0.07394449019999999	0.050055744900000004	0.1324853054	-0.010736917700000001	0.0307690889	-0.0542713405	0.0397092074	0.0761043084	0.09809714630000001	0.0303485972	-0.0173891496	0.0880432652	-0.0651077866	-0.0152245682	0.0107502444	-0.0309459152	0.064117306	-0.0917642701	-0.0838971024	-0.052672059800000004	-0.031001913399999997	-0.1788996927	-0.099414345	0.06406421150000001	0.0508938574	-0.1331052418	0.0369307203	-0.0457793483	0.0530329823	0.0342707318	-0.0234583506	0.008744504200000001	0.0411393517	0.045133483200000005	-0.0482595671	-0.0061932945	-0.0264835219	0.07243490129999999	-0.0664378901	0.01669861	-0.0109028478	-0.0895215558	0.0887386167	-0.0746371143	-0.0708177585	0.0794991218	-0.011623812399999999	-0.0303519059	-0.058823873	-0.0380684595	-0.0007076549	-0.0041676726	0.016683408700000003	0.1158864755	0.0105645976	0.0195591995	-0.0496350646	-0.0414162981	0.0043757615	-0.0370068249	0.0509265604	0.036240343700000004	-0.0891076986	0.0108230527	-0.0890525082	-0.056848114400000004	0.023914325299999997	0.0887590985	0.0407467937	0.009321257	0.0649464936	-0.0907581601	0.0398234161	-0.1008080636	0.0157543597	0.0010221539	-0.15281046550000002	-0.0539157675	0.058369730099999996	-0.0756150768	0.0347377127	-0.1123966655	-0.033309410899999996	-0.0262006788	0.0254539655	0.042639219000000006	0.0874836767	0.0875522441	0.0105668023	-0.0468139965	0.0526966641	-0.1035539006	-0.0842041019	0.0162040866	-0.034293911600000004	0.052568702300000006	-0.0623452695	0.0232160112	-0.0126524174	-0.0354841596	0.002222706	0.1250933035	-0.1261148395	0.0855458783	0.052367441699999996	0.0939228572	0.1272609458	-0.0543043877	0.0795324867	-0.0813056353	0.044664629500000004	0.0701987317	-0.0183447773	-0.0177421349	0.0877789544	0.0297166094	-0.057425853	-0.0695823342	0.0048624758	0.06253375950000001	-0.09551051140000001	0.0759169001	0.0149347	-0.0081188	6.591491344000001e-05	0.00022304526409	0.036356699999999985	0.015514499999999994	0.0013218096348899995	0.0002406997102499998	-0.06006810000000001	-0.006759299999999996	0.0036081766376100007	4.568813648999994e-05	-0.0029171	-0.00025363999999999986	6.433324959999992e-08	8.509472409999997e-06	0.00117489	0.00017029000000000002	2.8998684100000007e-08	1.3803665121e-06	7.55319e-05	-0.00014009409999999998	5.70506791761e-09	1.9626356854809998e-08	0.0	0.0	0.0	0.0	0.0	0.0	0.0	0.0	0.0	0.0	0.0	0.0	0.0	0.0	0.0	-0.2289368452	1.20420218	-0.3790865458	-0.7222492401	-0.3670651805	-0.8471727537	-0.8886165348	-0.2564525467	-0.5695920353	-0.5158434655	-0.3903136024	-0.6701893909	0.02258341536	0.6425990156	1.00231113	0.6378352131	-0.01204451943	-0.03682100906	-1.112812876	1.196342738	-0.7294676985	1.652031016	-0.4932736086	1.324747734	-0.3427155891	0.5088060089	-0.1793617976	0.1728320316	-0.5826515354
915.1158824476988	-1.3607244023315843	837437.0783080305	1.8515708991006476	672.2188681328926	-0.21947878128412407	451878.2066738672	0.0481709354339644	654.1575366505365	0.011105216536293485	427922.08275669796	0.0001233258343179662	1.13791	18.935148	0.058727	-0.0069314689	0.1007861671	-0.0268292667	0.075779725	-0.0283848504	0.0522936811	0.039501020299999995	0.028688414900000007	-0.0567349681	-0.0374579054	-0.0061687512	-0.0017121026999999999	0.0323592886	-0.0840859639	0.0107447369	0.007435739100000002	-0.1238322476	-0.060923094500000004	-0.028668774900000006	0.1000011767	0.0048229074	-0.08462937970000001	0.073147352	-0.0041914348	-0.0687912033	-0.0360643451	-0.0558554463	-0.1425735554	0.12700404099999998	-0.0405841531	-0.046423792	0.0826827081	0.0025051892999999998	0.0174590009	0.10994228119999999	-0.1680244145	-0.09544433050000001	0.07096309519999999	0.0887411347	-0.0115649773	-0.1250687341	-0.0620806761	-0.022832643399999998	-0.0740356241	0.0116567445	0.0249289838	-0.0342322382	0.0817780982	0.0174915707	0.0438045638	-0.033807425	0.027632148399999997	0.0261967791	-0.0301404729	0.05200686400000002	-0.0907185852	-0.040374900299999995	-0.046855951900000005	-0.0015977273	-0.0486742021	-0.0190282795	0.0347858029	-0.021786675800000002	-0.0766681664	0.0114285159	0.1353273448	-0.0207834309	-0.2097995312	0.0165209975	-0.0569687333	-0.0056210875	-0.05123046690000002	-0.0844306398	0.0585962901	-0.0850152045	0.0047323105	0.07514973929999999	-0.0080371337	-0.016287468500000003	0.041124421099999996	0.005590047	0.0342299361	-0.0240050898	-0.046078512	0.0646400257	-0.0474808748	0.0237704298	0.0463068339	0.0611244033	-0.0122513165	-0.023205162	0.029133854900000002	0.16856232129999998	-0.032579106000000004	-0.0195602314	-0.014859120600000001	0.023678041	-0.1724941559	-0.0946989761	-0.11490132880000001	0.0212005175	0.0341485573	0.04354379269999999	-0.0989358406	0.0139969423	-0.028664385299999998	0.0486923597	0.043048274500000004	-0.14333541449999998	-0.0099095737	-0.0232350729	0.0751006466	0.1684938971	0.06491527799999999	-0.0009321864	0.0385513637	-0.08116290940000001	0.0278617104	-0.0757094534	0.0205742681	-0.0820067655	0.0390877154	-0.04278068559999999	0.05912330070000001	-0.0323319939	0.1242428913	0.0496405433	0.1368665558	-0.0251304425	0.009961873100000001	-0.0115851468	-0.0976777775	-0.0285917685	-0.017428856	0.0949121143	0.014215331299999997	-0.0383386515	-0.0142124075	-0.0836323043	-0.022071639	0.0001620778	0.0263038304	0.1139456182	0.0773800654	-0.0738407801	0.07479781769999999	0.0090851218	0.0663975768	-0.036807947	-0.0654125086	-0.0728785563	0.077453489	-0.0415254724	0.1259011457	-0.0705325857	0.0076362289	0.05931204950000001	-0.09478827779999999	0.07996812519999999	0.0198822	0.0049475	2.4477756249999986e-05	0.00039530187684	0.0108949	-0.025461799999999996	0.00011869884600999998	0.0006483032592399996	-0.0394759	0.0205922	0.00155834668081	0.0004240387008400002	-0.00276259	0.00015450999999999963	2.3873340099999886e-08	7.6319035081e-06	0.00117489	0.0	0.0	1.3803665121e-06	7.55319e-05	0.0	5.70506791761e-09	0.0	0.0	0.0	0.0	0.0	0.0	0.0	0.0	0.0	0.0	0.0	0.0	0.0	0.0	0.0	0.0	-0.3234463785	1.080366111	-0.5664716143	-0.6731691643	0.4707269155	1.252640137	-0.5101327504	-0.05466060284	1.188078182	0.3333771591	-0.5583688522	-1.146464441	-0.4602138413	0.9153124324	0.1103681422	-1.222370214	0.01546174505	-0.8983435054	1.553133101	0.2059879459	-0.4446821909	0.1996237421	0.5608864849	-0.1866033208	-0.8485914567	0.4892814147	0.9598564161	-0.2650974955	-1.627280314
912.9111051748604	-2.2047772728384416	833406.685951585	4.861042822824916	671.0913281160136	-1.1275400168789247	450363.5706725151	1.2713464896633258	652.9168409836826	-1.240695666853867	426300.4012401115	1.5393257377499614	1.168043	19.436569	0.04093530000000002	-0.0544883745	-0.0236569167	0.0453459207	-0.0412742537	0.09368037380000001	0.059395207900000004	0.0008040972999999999	-0.0277740173	0.0470027984	-0.0136447424	0.037061177	-0.051347472400000004	-0.0973787436	-0.02429514	0.053584726799999996	-0.0552094292	-0.0340769255	0.0417699279	-0.0710767205	0.1044383472	0.0416274633	-0.028554475699999998	0.0345493184	-0.044218938	-0.124326671	-0.07608422320000001	0.10450512210000001	0.0396116657	0.062839552	-0.06656307269999999	-0.045450706900000006	-0.0163382293	-0.0034000351	0.0053042376	0.050868066399999995	0.0085607823	0.1458620592	-0.15001068480000002	-0.0577512943	0.0497642161	-0.082553732	0.0082643905	0.0901021252	-0.010590510800000001	0.0204129991	0.0028204077000000003	-0.0998800247	0.0042701603	0.0114400453	0.0504207341	0.13221445369999998	0.0576841213	-0.0858803784	0.014887819699999999	0.10259740490000001	0.0057878631	0.1974597581	0.1647606827	-0.0474225699	-0.011308058300000002	-0.09218889	-0.0064032163	-0.0066696737	-0.0553915683	0.0602454558	0.0642899537	0.0197982017	-0.0557086255	0.0217970896	-0.039789681800000004	0.0185636192	0.0494146822	0.0490823871	0.0222771725	0.010691418400000001	0.005170362899999999	-0.0817756508	0.055322091799999994	0.0257837925	-0.056169112699999996	0.1231482356	0.0394573715	-0.0623301967	-0.0257663752	-0.026592064500000002	0.0495485506	0.0179812665	0.1031535285	-0.0341313117	0.0027147615999999998	-0.0664264338	-0.0118576017	0.07189588570000001	0.044629570599999994	0.0332976216	0.0159200497	0.0902343533	-0.0743787131	0.07595995900000001	-0.10906081140000001	-0.08473475789999999	0.0964255533	-0.1281292548	-0.0194685003	-0.0318480711	0.0822092703	0.1259619984	0.0052530436	0.0478428965	-0.0140378635	-0.029088777200000002	-0.075265074	0.0338783336	-0.06158520150000001	0.13640795949999998	0.020034573	0.0725443135	-0.0011396805	-0.0358541089	-0.0397923794	0.027585796699999998	0.099808293	-0.0500191037	0.1023455069	-0.09339351779999999	-0.0150863099	0.0068233229000000005	-0.0629776446	-0.066707665	0.08949896759999999	-0.0668064451	0.0571329258	-0.008875741999999999	0.0686801719	-0.1684521279	0.013344769099999999	0.0414891181	-0.09217528539999999	-0.0392796906	-0.0377397892	0.0106687703	-0.0008303078	0.0168276079	0.1121218781	0.0051464794	0.025860312400000002	-0.026927543999999998	-0.0363339481	-0.0626321616	0.0009290965	-0.0262277489	0.01591642	-0.0994334075	0.06524842389999999	-0.0714680542	0.0104035805	0.0559784738	-0.0937482592	0.0836005109	0.0230514	0.0031692000000000005	1.0043828640000003e-05	0.00053136704196	0.0108773	-1.759999999999956e-05	0.00011831565529	3.097599999999845e-10	-0.0550904	-0.015614499999999996	0.0030349521721599994	0.0002438126102499999	-0.00241518	0.00034741000000000025	1.206937081000002e-07	5.833094432399999e-06	0.0012701600000000006	9.52700000000006e-05	9.076372900000115e-09	1.6133064256000015e-06	7.55319e-05	0.0	5.70506791761e-09	0.0	0.0	0.0	0.0	0.0	0.0	0.0	0.0	0.0	0.0	0.0	0.0	0.0	0.0	0.0	0.0	-0.2912798296	1.268847523	-0.05793735733	-0.3390445077	0.4254521335	0.7617417274	-0.1592470792	0.007210643385	0.3204938937	0.0440081274	1.402046167	-0.0868531862	-1.031767696	-1.088470404	-0.1772493537	0.904779799	0.2577596821	-0.6992815784	-0.7000699467	-0.6377398969	0.910802957	0.2863122435	-0.3261778795	-0.5133476905	-1.044898969	1.522396789	0.5224923868	0.04370816301	0.2446129663
914.4871873997156	1.576082224855213	836286.8159182427	2.4840351795045583	671.9030486784145	0.8117205624008648	451453.70682334783	0.6588902714243762	652.6501017736292	-0.2667392100534016	425952.1553451285	0.0711498061799127	1.142313	19.008421	0.05893950499999999	0.0588069709	-0.0808399437	0.0056802042	-0.024571059300000003	-0.1145352315	-0.0693264236	-0.014905068600000003	-0.1083063773	-0.0205160797	0.0158920723	0.021133162900000002	-0.019836395700000002	-0.0325390173	0.023370815299999997	-0.062047365300000004	0.0147129305	-0.030009778100000002	-0.130922772	-0.0002904879	0.04377117480000002	0.0222119436	0.0260765567	-0.013670688700000001	-0.0226468534	0.05885590490000001	-0.0531678369	-0.039394093399999996	-0.0227360518	0.0375538644	-0.1284233493	0.0030208771999999996	0.09768576849999999	-0.013695086499999998	0.042350498	-0.08906066039999999	-0.0198508954	-0.0505225199	0.056857718	-0.08436895359999999	0.0394454251	-0.0778915913	-0.0634541062	0.0557050061	0.0356976164	-0.0121992874	0.004796045200000001	0.0869868358	-0.0867035566	0.0284010161	0.0068565077	0.055694895700000004	0.10104700970000001	0.1427498469	-0.014980178700000001	-0.10222796460000001	-0.0594434902	0.0342154437	-0.0137823531	0.0354462724	0.10257160970000001	0.0516471564	-0.0273098827	0.09649124640000001	-0.0214350188	0.0340356433	-0.004981885399999999	0.1508067953	0.10617856560000001	0.1042664917	-0.013409628	0.1267065657	-0.0043535429	-0.0671493883	-0.093358601	0.033780249	-0.0327043571	-0.0338085237	0.0379135847	0.0322721776	0.037226959500000004	-0.0803215912	-0.0398566142	0.0634908404	-0.0095788761	-0.1042816974	-0.07755470240000001	-0.011217121000000002	0.0191927363	-0.062328228099999994	0.0085824222	0.013993808200000001	0.0657186222	0.0368556542	-0.11952497769999999	0.046686122999999996	-0.0565097769	-0.025451727099999998	0.012655789399999999	-0.016810805	0.0195821236	-0.00648336	-0.050628567199999995	0.012712030400000001	-0.1118971492	-0.0018809227	0.056790317	0.028788124900000007	-0.0608849724	0.0439484972	-0.057455347300000015	0.1568728771	-0.0060815304	-0.009457620699999999	-0.0073936253000000006	-0.03605542	0.0402742373	0.0012691236	-0.0875364789	0.09355309869999999	0.0758498381	-0.09788155550000001	0.0723220509	0.0340072149	0.054184684500000004	-0.0075783066	0.0207549206	-0.1492845546	0.026230128999999998	-0.0164798431	-0.0383236438	-0.0496744948	0.14505937	-0.0100573624	0.0340181206	0.041021089	0.0381809817	-0.068845545	-0.0168965206	0.0391972732	0.1320894202	-0.0616869418	-0.09361344099999999	-0.0097209412	-0.0395297784	-0.0564647779	0.0446330583	0.10844014490000001	0.059529137999999995	0.0124430431	-0.0091313723	0.11114443380000001	0.0412872831	0.1058368382	0.1211574623	-0.07238854360000001	0.0131622105	0.0525393196	-0.09239394210000001	0.08679503220000001	0.0230543	2.900000000000125e-06	8.410000000000724e-12	0.0005315007484900001	0.034343300000000014	0.023466000000000008	0.0011794622548900006	0.0005506531560000004	-0.051936800000000005	0.0031535999999999925	0.0026974311942400005	9.945192959999953e-06	-0.00287729	-0.00046211	2.1354565209999995e-07	8.278797744099999e-06	0.00117489	-9.52700000000006e-05	9.076372900000115e-09	1.3803665121e-06	0.000164492	8.89601e-05	2.7057618064e-08	7.913899392010001e-09	0.0	0.0	0.0	0.0	0.0	0.0	0.0	0.0	0.0	0.0	0.0	0.0	0.0	0.0	0.0	-0.1492162435	1.329132423	-0.1900466524	-0.8005126298	-0.6613863887	-0.7778351816	-0.6639298741	-0.2601121856	-0.9799329184	-0.2388394607	-0.1862969012	-0.240786133	0.1760116391	1.015777286	0.5475626341	1.232773103	0.03160025038	0.3131965035	-1.677860898	1.260440225	-1.169338688	1.366283659	-0.5639357895	0.5472320236	-1.277696093	0.007334365625	0.07395631936	-0.1107375161	0.07863320813
914.131397903763	-0.3557894959526493	835636.2126334878	0.12658616543024026	671.5503777319561	-0.3526709464583746	450979.909831933	0.12437679647584572	652.9149569988947	0.2648552252654781	426297.94107286853	0.07014829035042716	1.210114	20.136652	0.03532909999999998	0.0263678024	0.0704283061	-0.0291407679	-0.023097715699999997	-0.0244946763	0.0262484491	0.022928408900000002	-0.0191187827	-0.037792107799999995	-0.0370975353	-0.009071674	0.1176307311	0.025297298500000003	0.0044329626	0.0264706681	0.026198165699999998	-0.1110798907	-0.0019876362	-0.057230103899999996	-0.0277342681	0.012942508200000001	-0.042894452199999995	-0.07859453400000001	-0.1276226322	-0.0840705433	-0.0419701281	0.11671134359999999	-0.0624047227	0.0116638822	-0.0515481696	-0.0722208686	-0.0655902887	-0.0387603952	0.0211330005	0.0278028783	-0.0370165078	-0.013954373300000001	-0.045512650700000004	-0.0091770093	-0.0403458854	0.0386189522	0.09433136730000001	-0.0045949825	-0.0865100297	0.028083129900000003	-0.1472026724	0.0940825761	0.0157355171	-0.038057664	-0.0342683865	-0.0150131233	0.0177036956	0.0425754516	0.011511233300000001	-0.07769826349999999	-0.028630792000000002	-0.0463711971	0.0172822922	-0.0524168196	-0.0100270639	-0.0141468696	0.002565981	-0.06734166230000001	-0.021486831	-0.0883006939	-0.077806936	0.1324947725	0.0943422536	0.0912478343	0.0457945504	0.12472279609999999	0.0684981553	-0.0052289152	0.014029769899999999	-0.040310271	0.0239779315	0.055922414100000005	-0.0220637377	0.0744721325	0.011810073700000001	-0.0491590724	0.074361412	-0.0158528442	-0.0401440281	-0.0058129885	-0.0438867379	-0.0061066353000000006	-0.0723360791	0.022563663799999998	-0.0294715767	-0.1270108902	0.024857177	0.08498051710000001	-0.0125797771	-0.023931034599999998	0.1303887979	-0.0045780201	0.035253706600000004	0.09102208960000001	-0.0914989675	-0.1595079658	0.025715271600000002	-0.0703631349	-0.08117264240000001	0.0188624145	0.0057631768	-0.0413356296	0.008025941600000001	-0.0033973421000000003	0.0666299758	0.07354675349999999	0.0369653015	0.0450932646	0.014061866299999998	-0.0502969884	-0.0480285087	-0.026732776899999998	0.1110998918	0.0281530259	-0.0117129073	0.0337501849	-0.09577482359999999	-0.0528890956	-0.0437727148	0.0032381943	0.0120199852	-0.09961336890000001	-0.042873353200000006	-0.0530401662	-0.13312175710000002	-0.0508298812	0.1350698496	-0.009700035899999999	-0.032396831	0.055875212	0.033770398300000004	0.022212688799999998	-0.0122888548	-0.060642633	-0.0085741418	0.0126894497	-0.0047801455	-0.0304747953	0.08724558619999999	-0.042317689699999994	-0.032666528	0.1246470732	0.0244749573	0.0214392974	0.0913435369	0.0420503358	0.0073883704	0.1308652709	-0.0215476651	-0.07329386110000001	0.0159098063	0.0490010732	-0.09072986720000001	0.0895349577	0.0230519	-2.3999999999996247e-06	5.759999999998197e-12	0.00053139009361	0.0252037	-0.009139600000000008	0.0006352264936899999	8.353228816000015e-05	-0.0388065	0.013130300000000004	0.0015059444422500002	0.00017240477809000012	-0.00281212	6.516999999999981e-05	4.2471288999999765e-09	7.908018894399999e-06	0.00135041	0.00017551999999999995	3.0807270399999986e-08	1.8236071681e-06	0.000144046	-2.0446e-05	2.0749250116e-08	4.18038916e-10	0.0	0.0	0.0	0.0	0.0	0.0	0.0	0.0	0.0	0.0	0.0	0.0	0.0	0.0	0.0	-0.3815005651	1.20372515	-0.6151534141	-0.8153769681	0.38314634	-0.2296073857	-1.33144757	-0.01755884065	1.884298723	0.1494443194	0.3927715741	-1.489608042	-0.1166890464	1.371635453	-0.1494554545	-0.6757562461	-1.016085716	-0.6601859766	1.097800884	-0.08027070994	-0.5545136795	0.5297765285	0.189509719	-0.5933002468	-0.3783977099	0.03487480082	0.7347428805	-1.642190064	-0.9222836535
912.8537037283464	-1.2776941754165136	833301.8844105597	1.6325024058932849	671.1945990218462	-0.3557787101099166	450502.18975609686	0.12657849056747605	652.1989589945821	-0.7159980043126097	425363.4821136165	0.5126531421796399	1.25463	20.877405	0.06578020000000001	-0.0679863067	0.0379803253	-0.012365615200000001	-0.081478682	0.005830645	0.0637479314	0.0313770583	0.0098959559	0.0695641553	-0.0211986745	0.0190110961	0.0543465934	-0.0414810358	-0.0050772215	0.0438615171	-0.06457315	0.0182939801	0.0251633068	0.0130405298	-0.0653058576	0.008858349599999999	-0.0092998368	-0.0383439302	0.13935814929999998	0.042053768	-0.0518940308	-0.01532607	-0.0111150152	0.09336208039999999	0.07416484129999999	-0.0793999107	-0.0688265327	-0.1012657131	-0.0381696432	-0.074141862	0.051789702300000004	0.09449680369999999	0.1072046747	0.0919081758	0.0288959448	0.0195236141	-0.0994993741	-0.06891281190000001	-0.0158423138	0.028060622799999997	-0.1398447489	0.0813438271	0.0528758338	-0.0206539144	0.054419577000000004	-0.0038973085999999997	0.059661693700000004	-0.0002761945	0.0556700336	-0.0893631789	0.1363277433	-0.1295861533	-0.11450223699999999	0.009394592299999999	-0.0155667928	0.0259719721	-0.0206123252	-0.0957306024	-0.0393694918	0.0177897761	0.0071351793999999994	-0.0287961337	-0.0244381734	0.0158229638	0.0189658058	-0.011422831100000001	-0.0018374471	0.0200016822	0.0628284104	0.0152657134	0.0354546023	-0.0300884641	0.0162266963	0.0660846388	-0.0367259056	0.0714346867	-0.0320833177	-0.0605306971	-0.040822780600000004	-0.005848341	0.09589101189999999	-0.0146887557	0.0089536813	0.0072075681000000015	-0.0727075222	-0.048169805499999996	-0.0214272468	-0.0396436344	-0.032136595	-0.038442414700000004	0.0336833636	-0.0192398188	0.1298762519	-0.10933103429999999	-0.050937177800000004	-0.012527826200000002	0.0039785151	-0.010322781500000001	0.116170349	-0.0603926424	0.05565577730000002	-0.0763905545	0.1024361885	-0.0272402146	-0.1677292315	-0.1087474942	0.049847278099999996	-0.015552003200000001	0.09542089869999999	-0.0358381287	0.0365857406	-0.0653619725	0.0631149531	0.006863610799999999	0.0955050048	0.0138468974	-0.0178449314	0.026564432599999997	-0.0754395413	-0.0762518005	0.0501549372	-0.06623533849999999	-0.052992841500000006	-0.0097067605	-0.10551144949999999	0.036738800099999996	0.0192368666	0.0020973955	-0.1265390788	0.10296988439999999	0.0434881758	-0.046508114	0.0032261663	0.0219480742	0.0451393287	0.0130533956	0.06486694400000001	-0.06260852530000001	0.0177971522	0.12131312300000001	-0.01925436	-0.050667405199999994	0.0679965908	-0.070449215	-0.0355092344	-0.0011848305	0.0134320629	0.0198576766	0.009194535799999999	-0.0741838168	0.0186440646	0.045370408099999995	-0.0887616133	0.0918059366	0.0230479	-4.000000000000531e-06	1.600000000000425e-11	0.00053120569441	0.0108644	-0.0143393	0.00011803518736	0.00020561552449000002	-0.0510862	-0.0122797	0.00260979983044	0.00015079103208999993	-0.00227301	0.0005391100000000002	2.906395921000002e-07	5.166574460099998e-06	0.00117489	-0.00017551999999999995	3.0807270399999986e-08	1.3803665121e-06	7.5532e-05	-6.8514e-05	5.705083023999999e-09	4.694168196000001e-09	0.0	0.0	0.0	0.0	0.0	0.0	0.0	0.0	0.0	0.0	0.0	0.0	0.0	0.0	0.0	-0.2306136694	1.061182555	-0.4555666556	-0.8600644523	0.09333447795	0.7920270386	-1.043563501	-0.1016859967	-0.7290173382	0.05756553418	0.4929901956	0.05584717711	-0.8754319731	-1.450742785	0.3383726518	-1.244716547	1.275669439	-0.1621502635	-0.4783120454	-0.3479940089	0.6444652755	0.1862491783	0.2100345919	-0.332305116	-1.363037022	0.9748024664	0.6022190128	-1.063925171	-1.006422795
912.2514566455256	-0.6022470828207815	832202.7201518833	0.3627015487661413	671.2332894747468	0.03869045290059603	450554.1288990893	0.0014969511456532395	651.825283180259	-0.3736758143230645	424876.1997930249	0.1396336142100054	1.147589	19.09621	0.09915530499999996	0.0916004045	-0.0478906407	0.0218423463	-0.0370364458	-0.0848414243	-0.0400565374	-0.043292889400000006	-0.10337526820000001	0.0046667033	0.0253876411	0.0128774478	-0.0394286264	0.0347647398	0.09324039220000001	-0.0918523877	-0.0253295447	0.09737523810000001	-0.07384735070000001	-0.0376025409	-0.0424888291	-0.0075440946	0.0419282514	-0.0396649444	0.0665668318	-0.13353864070000002	0.0763511796	-0.0612828807	0.0167659501	0.056208082400000005	-0.0139251331	0.042463937699999996	-0.10238902050000001	-0.0637693687	0.067258603	0.10706903400000001	0.1537040295	-0.049513067699999996	-0.1370487732	-0.010540610300000001	0.0829372837	0.047734048700000004	0.0824066353	-0.0337589442	0.0699298082	0.038206541000000004	-0.071844677	0.0316567834	0.0179881256	0.0766890503	-0.11772247849999999	-0.0506308571	-0.07191498610000001	0.10457489589999999	0.0367969784	-0.0674674136	0.012356049099999999	0.0297687794	-0.0072632998	0.0685720073	-0.0941407854	-0.0258325368	0.0046703711	0.0377239014	0.0048242317	-0.0628431483	-0.0326195138	0.0213996075	-0.073595306	-0.0047379647	-0.063713655	-0.0686706381	0.059736387	0.0200447736	-0.0968535308	0.0014573342	-0.010909043600000001	-0.0835836434	-0.0121404197	0.0203299433	0.0432684343	-0.0641470499	-0.11613669789999999	0.030236342700000002	0.0229739931	-0.0990545017	-0.0321745912	-0.010975204799999999	-0.06936186230000001	-0.08785218460000001	0.011356228000000001	0.1032126783	-0.0477388475	-0.0286694023	-0.0577440012	0.13195256130000002	-0.0018040878	0.0079854659	0.1220822631	0.009228715600000001	-0.0843051182	0.0825713954	0.0194623384	-0.035716697900000004	0.0552302904	-0.004970781	-0.0538206587	0.08836323199999999	-0.085065683	0.14444919960000002	0.1021413815	-0.1130079668	-0.035224027000000005	-0.025571616499999998	-0.1206550844	-0.0181687839	-0.1018303423	-0.2054887371	0.058703233	0.0099974556	-0.08385729410000001	0.07017210269999999	-0.010836623	0.04795491440000002	0.0027202462	0.0605129226	0.0613741754	-0.10084934050000001	0.0645012876	0.053396592199999995	-0.0170450402	-0.0366691101	0.0194021625	-0.0549986999	-0.00019924220000000001	0.0626678597	0.041715254300000004	-0.0570986417	-0.0356752091	-0.06719727269999999	-0.016540498100000002	0.0115516823	-0.00043533790000000003	0.0134569676	-0.024212932799999996	0.033009462999999996	0.030642909700000002	0.0090545655	-0.011409280400000001	-0.0708939497	-0.1561648457	0.0029861426	-0.0851683779	0.043480919800000004	-0.1316827066	-0.0750582242	0.0213626933	0.0416541719	-0.0864957792	0.0935960747	0.0230479	0.0	0.0	0.00053120569441	0.07049810000000001	0.05963370000000001	0.004969982103610001	0.003556178175690001	-0.07412080000000001	-0.023034600000000016	0.0054938929926400025	0.0005305927971600006	-0.00194327	0.0003297399999999998	1.0872846759999988e-07	3.7762982929e-06	0.00117489	0.0	0.0	1.3803665121e-06	7.55319e-05	-9.9999999993443e-11	5.70506791761e-09	9.999999998688602e-21	0.0	0.0	0.0	0.0	0.0	0.0	0.0	0.0	0.0	0.0	0.0	0.0	0.0	0.0	0.0	-0.1534459643	1.235464153	0.3155911292	-0.8820218317	-0.1797815177	-0.7319490527	-0.9085345039	-0.2250437348	-0.509593029	-0.8174218688	0.771512281	-0.3055501941	0.3558537882	0.3648325168	0.941876818	0.1480251847	1.338733938	0.28206924	-1.332577933	1.280002103	-1.210327199	0.831303661	-0.6607226848	1.396604798	-2.116039707	-0.3370320901	0.1916069041	0.887640209	-0.7798831203
914.6640727950393	2.4126161495136103	836610.3660620089	5.8207166848938785	672.2090790789106	0.975789604163765	451865.04599611706	0.9521653515940772	652.6919051697067	0.8666219894477081	426006.7230740615	0.7510336725943034	1.137522	18.928699	0.096134305	0.007990968900000001	0.0579088042	-0.012916786100000001	0.025777224100000003	-0.0079890146	-0.014937157	0.06578229370000001	-0.011736885800000001	-0.0349304374	-0.0238072704	-0.0285953519	0.0888759773	0.050841780999999996	-0.0303657693	-0.045943840300000004	0.057527709	-0.0499562359	-0.0131912777	-0.0998325892	-0.041041620699999996	0.026251735699999997	-0.043328820700000006	0.0237505941	0.053817435999999996	-0.0393499171	0.0095065093	-0.0224191755	-0.0706255036	-0.09561620789999999	0.0694979981	0.06610875599999999	-0.07376621629999999	-0.0227324022	0.0806032876	0.0858848686	-0.060235837699999996	0.0361567353	-0.028399686099999998	0.0399116949	-0.037989208	0.048490821600000004	0.0767368433	-0.0119255721	0.052580187199999996	-0.0010678387	-0.016705183999999998	0.0224523595	0.09732715230000001	-0.11962773560000001	-0.0635295884	0.1512363623	-0.1324046392	0.0693964102	0.0634187552	0.026532233500000002	-0.038213053500000004	-0.0518618573	-0.031810994700000005	-0.0057121470999999995	0.0796610974	0.05461030150000002	-0.0059470326	0.079107325	-0.059558612000000004	0.0690149495	0.0316098729	0.11075583050000001	-0.0279932947	-0.0249700527	-0.0713017109	-0.0290575325	-0.018951981399999998	-0.053507874000000004	0.0338185088	-0.0291012039	-0.008719885699999999	0.054522405700000005	-0.0331269625	0.0314906328	0.0417212573	-0.0363541633	0.0493500771	0.0381205161	-0.0638078517	0.010733043000000001	-0.046339871500000004	-0.0014491406	-0.0652887453	0.0582936494	-0.0490720792	0.0100234286	0.08896093880000001	0.030654331200000006	-0.022317674500000002	0.005074322	0.12866707800000002	0.037390290699999995	0.0077659483	-0.0666521823	0.06438157650000001	0.002333463	0.1094107638	0.032320094199999996	-0.0054568815	-0.0009128348	-0.0791146712	-0.043801197699999996	0.0165150603	-0.0087758935	0.0539838733	-0.1108341009	-0.0858719027	-0.0026475976	-0.0424987804	-0.0859538965	-0.0512210184	-0.0293227552	0.0099265681	-0.042764680199999995	-0.0592184213	0.0568403958	0.031326512200000003	-0.1304586052	-0.1338378224	-0.0359367507	-0.0139638081	0.0185587891	0.027621706099999997	0.0626020933	0.046940776399999995	0.0013477029	-0.0143178859	-0.0910896601	0.0236889196	0.0044004645	-0.017963143100000002	-0.0686947036	-0.0207092198	0.0428506122	0.0997858231	0.0608862922	-0.1736595779	0.0629028195	-0.08573058550000001	-0.0400160751	0.064912447	0.058609120199999996	-0.0683256075	-0.0038476153	0.0083617567	-0.09977358289999999	0.11741777199999999	-0.0773417433	-0.0199638357	-0.0759169001	0.0240634131	0.037859373599999996	-0.0839399613	0.0948959959	0.0230479	0.0	0.0	0.00053120569441	0.0442478	-0.026250300000000004	0.0019578678048400005	0.0006890782500900003	-0.0368348	0.03728600000000002	0.0013568024910400002	0.001390245796000001	-0.00259523	-0.00065196	4.250518416e-07	6.7352187529e-06	0.00117489	0.0	0.0	1.3803665121e-06	7.5532e-05	9.9999999993443e-11	5.705083023999999e-09	9.999999998688602e-21	0.0	0.0	0.0	0.0	0.0	0.0	0.0	0.0	0.0	0.0	0.0	0.0	0.0	0.0	0.0	-0.258547411	0.9870229094	-0.5719430998	-0.5996198117	-0.1228042593	0.369454566	-1.54070925	-0.2177248006	1.378757067	0.1571397811	-0.8981342377	-0.985574392	-0.811601848	0.3082030036	0.7848939827	-0.7131136428	-0.4634331874	-0.9274164207	0.7540270536	0.8409082626	-0.3003544922	1.136886823	0.8608641862	0.4575963708	-1.436124685	-0.5392858485	0.8118437262	-0.6277017873	-1.124090459
912.913445702751	-1.7506270922882547	833410.9593448697	3.0646952162536305	670.8700987081768	-1.3389803707337933	450066.6893407189	1.7928684332104066	652.2113320107846	-0.4805731589220841	425379.6216032819	0.2309505610763507	1.062458	17.679610999999994	0.07897156999999999	-0.079844839	-0.003891005	0.0664306292	-0.0264362708	0.09674701150000001	0.0665891146	0.0381364031	-0.0198845881	0.0885162065	0.0305690861	0.022495063500000002	0.0288338767	-0.0424420754	-0.016875721200000002	0.0315452068	-0.0514003326	0.0439538754	0.0300662477	0.0281649382	0.057160712	0.0441215763	-0.0775684366	0.0344079695	0.0335243435	0.06479314679999999	0.0043821958000000005	0.0340357253	-0.056180522999999996	-0.041664548100000004	-0.041263448700000004	0.0747631758	-0.009802659699999999	-0.0240420081	-0.008615553599999999	0.15827940199999999	-0.0065364411	0.0095869924	-0.09115203050000001	0.00410144	0.0537263544	0.0745471655	0.005623543199999999	-0.0614253317	-0.0132913135	0.17008764129999998	0.0155658395	-0.0648734463	-0.0271911727	0.0194186517	0.0273846788	0.0376778654	0.024407405299999997	-0.1152898056	0.026813959300000002	0.0176684108	0.0829916004	-0.1581841297	0.0786376923	-0.0126276146	0.025354734700000003	-0.0375854553	0.0385797864	-0.048296767000000004	0.0243885083	0.0318419423	-0.0327559241	0.1011176233	0.0034620146999999996	-0.0429652442	-0.1009420431	0.08978155019999999	-0.0490853109	0.0006439626	0.0602640676	0.0252888698	0.000223406	-0.0945683633	-0.0021522373	0.0240213866	-0.0258403816	0.113489886	0.0092810875	-0.0620829699	-0.049287577400000004	-0.0309469094	0.0927755933	-0.0482802453	0.027814756800000003	-0.0132933898	-0.0464756491	-0.0289571983	-0.0333970237	-0.0481512026	-0.0285713806	-0.0324785159	0.008778517	0.0648991148	-0.0498119058	-0.0676888995	0.031061969300000002	-0.014605523799999999	0.0113912147	-0.0167288343	-0.0879392974	-0.0216702694	-0.0362271895	-0.063296125	-0.0350218338	0.0032284291999999997	0.0806114792	-0.09604618849999999	0.038365819100000004	-0.0912813263	-0.0269663331	-0.0007457345	0.0343685146	-0.0323730176	0.10320731179999999	0.0728063751	-0.1171007218	0.0595011518	0.0463737671	-0.047646022	0.0892009875	-0.0040354214	-0.0327186437	0.0255222401	-0.0938097228	-0.059005795199999996	-0.0804975929	0.0740387741	-0.1260311219	0.0912048134	-0.0461551135	-0.0585013942	-0.056238725700000006	0.017236226299999997	0.049733681200000004	0.0571850104	-0.0592061932	-0.0425612908	-0.0312772496	-0.0574306158	0.0470035162	-0.0535202419	-0.033863939100000004	0.044556868799999996	-0.1080566333	0.009337088	-0.06745121150000001	0.0717998325	0.0019368716	0.07655509049999999	0.1414586823	-0.0767596645	0.0267439602	0.0339931704	-0.081102728	0.0956988917	0.00379116	-0.01925674	0.00037082203542760007	1.43728941456e-05	0.00777717	-0.03647063	6.04843732089e-05	0.0013301068525969006	-0.047607	-0.010772199999999996	0.002266426449	0.00011604029283999992	-0.00234579	0.0002494400000000001	6.222031360000003e-08	5.5027307241e-06	0.00117489	0.0	0.0	1.3803665121e-06	7.5532e-05	0.0	5.705083023999999e-09	0.0	0.0	0.0	0.0	0.0	0.0	0.0	0.0	0.0	0.0	0.0	0.0	0.0	0.0	0.0	0.0	-0.2937429529	1.138680416	-0.5107356217	-0.7636633995	0.3977418402	0.7650255232	-0.8555139924	-0.05088831286	0.1183852376	0.1539922264	1.136944796	-0.05538211306	-1.325205928	-1.260034441	0.3063671763	0.4203550613	0.4045577352	-0.8877204464	-0.7226815986	-0.18113922	1.04353957	0.1272882505	-0.4515194011	0.1144663539	-0.5277860164	0.4420992469	0.8321688324	-1.286369957	-1.050632226
912.7275200184503	-0.18592568430074152	833071.5257990307	0.03456836008269899	671.6250202723694	0.7549215641926139	451080.1678558606	0.5699065680830229	651.9357804439559	-0.27555156682876714	425020.26182306977	0.07592866598178853	1.1664139999999998	19.40946	0.0899772	0.0820525279	-0.0736644584	0.0272298262	-0.0267942494	-0.058040709100000004	-0.0571238958	-0.0227697996	-0.1603053988	-0.019989228300000002	0.0057388522	0.0055800845	-0.0043543411	-0.0543433967	0.0715231523	-0.0880763012	0.0605613456	0.0808996329	-0.0482318757	0.1434361067	0.0035919859999999997	0.0731220204	0.0312748889	0.0483188295	0.0888531653	0.1249469772	0.0675982864	-0.038850144100000004	0.0250947594	0.0441746793	-0.0140282999	0.0761787699	0.1099805087	0.0015109964999999999	-0.0219948998	-0.0035948152	0.1106577743	-0.0073407966	-0.0297094608	0.0497711905	0.0121206245	-0.11231741810000001	0.0018439464	-0.19874102989999998	-0.041207784	0.154408244	-0.0479230212	-0.0988186752	-0.11166140960000001	-0.0172936357	0.0127565975	0.1574018059	-0.0710786887	0.0370911981	-0.035603093599999996	-0.0111984694	-0.023611614399999998	0.0356926548	-0.0531187235	0.0087891395	-0.0960330868	-0.0919536953	0.09082403970000001	0.0375326456	-0.0862078341	0.0592415836	0.034017852200000004	0.0207980842	-0.0126364981	-0.0264712839	-0.0401457201	0.0508137553	-0.1142019537	-0.019326474099999998	-0.119692268	0.0128093753	-0.029635492599999997	-0.0628087445	0.025460899900000004	0.0557170366	0.057846681	-0.055856876900000005	-0.0667606829	0.0512698649	-0.021327555800000002	-0.1493330242	-0.08739404949999999	0.0174301159	-0.023276192400000003	-0.1050422811	0.038666052400000005	0.0081227882	0.0544602025	-0.140681875	-0.051864961200000004	-0.069045484	-0.1362631705	0.0250755216	0.005092702199999999	-0.0700382267	0.07978570530000001	0.0750482551	-0.0560162836	-0.0165803597	0.0231694394	-0.0075437886	0.0378653836	0.0887458064	-0.0344609933	0.0135233985	-0.0214159974	-0.1731143027	0.1075415926	-0.06368435089999999	0.1535190892	-0.0204859035	-0.013027473000000001	-0.028889767400000002	-0.0233278287	0.1070070966	-0.1631033349	-0.0747047019	0.13211270960000002	-0.0356229933	0.06971063940000001	-0.0274643504	-0.0629998717	0.0631154334	-0.0123611702	0.054920151699999996	-0.0065312836	-0.02470875	0.0341672487	-0.1246471006	5.38145e-05	0.0754097309	0.0835114518	0.0900833219	0.0501322487	0.0230978117	-0.0320542648	0.024491018399999998	-0.0345216192	0.024130587400000004	0.072167151	-0.11925674019999999	0.0392750506	-0.0461718746	0.06032810280000001	0.058896065	0.026199296	-0.071899483	0.0239227568	0.007139379200000001	0.0499389183	-0.0775863408	0.029402087200000007	0.0300628542	-0.0779935916	0.09600055689999999	0.00943563	0.00564447	3.18600415809e-05	8.903111349690001e-05	0.055120900000000014	0.047343730000000014	0.003038313616810001	0.0022414287703129013	-0.0606948	-0.013087800000000005	0.00368385874704	0.0001712905088400001	-0.00248145	-0.00013566000000000012	1.8403635600000037e-08	6.1575941025e-06	0.00139724	0.00022234999999999985	4.943952249999993e-08	1.9522796176e-06	0.000195546	0.00012001399999999998	3.823823811599998e-08	1.4403360195999995e-08	0.0	0.0	0.0	0.0	0.0	0.0	0.0	0.0	0.0	0.0	0.0	0.0	0.0	0.0	0.0	-0.1139275598	1.323564015	0.1279950112	-0.7222905967	-0.9880498981	-0.7031160992	-0.8155321756	-0.02911676305	-0.5399880313	-0.1083565282	-0.0993956345	0.3402521441	0.8522072726	0.3469851464	0.7530398136	1.732341745	0.4840231615	0.4550526899	-1.713501906	1.381538567	-1.577845955	0.79905117	-1.030106904	0.5554319255	-0.9156272798	0.123334768	0.3169419986	0.9798714122	-0.5109022568
911.846486807274	-0.8810332111762591	831464.0155027681	0.7762195191955508	671.9934950401869	0.3684747678174745	451575.2573763257	0.13577365451814172	652.1825585120299	0.2467780680740361	425342.08962729725	0.06089941488235361	1.251916	20.832241	0.07067146999999999	-0.0050977387	0.11126691710000004	-0.0150661878	-0.1074651288	-0.09055498779999999	0.0024183111	0.0812805261	0.0228952076	-0.0140054102	-0.0645764326	-0.0174326089	0.09594970550000001	-0.0335589979	-0.0245841631	-0.0889181253	0.0769853791	-0.0615179034	-0.011953987	0.09310247529999999	-0.06453570139999999	0.025571762	-0.0767382093	-0.0020611766	-0.0243703281	0.057611627400000004	0.0251349011	0.0258370054	-0.0192592989	-0.0100859114	0.1377947693	0.08391055289999999	0.07992952269999999	0.07436695360000001	-0.0394434421	-0.12723258070000001	-0.0652792707	-0.0744284021	-0.058550123899999994	-0.035285847099999997	-0.0251480635	0.0995244143	0.023514589	0.0600524579	0.0023095745999999998	0.028602876099999997	0.0861775397	0.0665357663	0.06323558160000001	-0.1051930216	-0.0087611172	0.029590466800000007	-0.0583194254	-0.0207688835	-0.030303785	0.0483886445	0.0380746943	-0.0537092241	0.11890486410000001	-0.0706176231	0.0187404372	-0.0228756686	0.0190483581	0.0575007195	0.0379095879	0.0709961425	0.032459477	-0.021593642000000003	0.0567658738	-0.0683703371	-0.0987303051	-0.1069220432	-0.07204523809999999	-0.0028030090999999996	0.0647302446	-0.0370031964	0.0375919048	0.046896213	-0.0246691848	0.1068756106	0.0073788158	-0.1345666131	0.025833645899999997	0.0301214878	-0.06837178669999999	0.024163788500000002	-0.0086316879	0.047851689	-0.023779725800000002	-0.0053187413	-0.09546805609999999	-0.0218264521	0.1330527962	-0.0503481792	-0.0396095163	-0.1519482978	0.027625157200000004	-0.0361630186	-0.04332360230000002	-0.0175408085	0.036073015800000004	-0.0396690552	-0.0125573848	-0.0002919409	0.0637254875	0.0037141238	-0.1909123587	-0.016578519099999998	-0.0958588301	-0.0016870328	-0.1120941018	0.1291255627	0.0463985112	-0.0559229674	-0.0199493796	-0.0954303167	-0.0016979209	0.061678120999999995	-0.058515551799999996	0.023237582799999996	-0.0138180847	0.0687275389	-0.07534937950000001	-0.0029637583	-0.1090027532	0.0274796434	-0.09194051210000001	0.1053629391	-0.0774755121	-0.0187397723	0.0271271112	-0.0266572737	-0.0951699539	0.052257082	0.0451272363	0.0027077840999999996	-0.048959421600000004	-5.6323500000000004e-05	-0.0319054498	-0.0719867358	0.0124628051	0.0307496823	-0.024581364100000003	0.0964887722	-0.0687326198	-0.021016301	0.0151963236	-0.1094011667	0.0386701312	-0.0273240956	-0.0066095265	-0.0393097642	0.1122370781	-0.026811146299999998	0.0567232721	-0.0783967557	0.0320355658	0.026075837799999998	-0.0746229756	0.0957994116	0.0102517	0.0008160700000000003	6.659702449000007e-07	0.00010509735289000002	0.0356262	-0.01949470000000001	0.0012692261264399998	0.00038004332809000036	-0.054200300000000014	0.006494499999999993	0.002937672520090001	4.217853024999992e-05	-0.00304415	-0.0005626999999999997	3.1663128999999965e-07	9.266849222499997e-06	0.00159185	0.00019461	3.78730521e-08	2.5339864225e-06	7.5532e-05	-0.00012001399999999998	5.705083023999999e-09	1.4403360195999995e-08	0.0	0.0	0.0	0.0	0.0	0.0	0.0	0.0	0.0	0.0	0.0	0.0	0.0	0.0	0.0	-0.211299456	1.312320626	-0.8641347415	-0.5715264204	0.5413483693	-0.2770414664	-2.132373164	-0.08750530851	0.7771778639	0.3670790252	-0.3660390155	-1.178884945	-1.460064787	0.8299914773	0.6456032089	-1.067603367	-1.208319287	-0.8340091331	1.282179395	0.257061868	-0.5027921715	0.6888273318	0.7844943055	-0.001052656292	0.3444162431	0.4476659108	0.2271280572	-0.5292493915	-0.7763186221
909.7672495991617	-2.0792372081123176	827676.4484432235	4.323227367598705	670.9731608236864	-1.020334216500487	450204.9825457285	1.041081913361663	652.7377058692047	0.5551473571747465	426066.5126633924	0.3081885881781056	1.206728	20.080296	0.061101059999999985	-0.024526773199999997	0.0158735978	0.17533834339999999	-0.1094105277	0.1264604825	0.08408622140000001	0.048081155599999995	-0.0222226577	0.07920104019999999	0.0517492612	-0.02268346	-0.0244842531	-0.0555801349	-0.011059669099999999	-0.024963231800000003	0.032385624700000004	0.0018268719	0.1094207048	0.028990951600000002	0.0087397772	0.1332008439	-0.051452587	0.013903528200000001	-0.1064305601	0.0742721574	0.0749220438	0.0061172647	-0.030136028999999998	0.0503280199	-0.019641100800000002	-0.0638816755	0.10883460439999999	0.0561097467	-0.006327990899999999	-0.18538161449999999	0.0586834309	-0.0255385962	0.1261248659	-0.0272190126	-0.059446069299999994	-0.006327804499999999	-0.025127595200000002	0.0739580165	0.0092675276	0.055615538799999996	-0.022060993199999997	-0.0729027189	0.0426826825	-0.0311054135	-0.0202708819	-0.0395852133	0.06903706679999999	-0.1655742868	-0.0255227618	0.000497079	0.041141787400000004	-0.0018209923000000001	0.029070895099999997	-0.0331430594	-0.0744090825	0.011327526999999999	0.09486083869999999	-0.06350532440000001	-0.0181262747	-0.0258138048	0.0404912708	0.0381586015	-0.025138501299999998	0.0154997408	0.07066413769999999	0.010673638999999999	0.0247852587	0.0669438954	0.0636014117	-0.016726656	-0.029545981000000002	-0.15117760660000001	-0.0678120097	0.0198587432	-0.0622255406	0.0249251328	0.1106774361	-0.06587033490000001	-0.0703022296	-0.0326012065	0.0696408995	-0.018665441100000003	0.041089735499999995	-0.032518095	-0.0017299406	0.0355413623	0.051712120800000004	-0.062169641500000004	0.0169491841	-0.0560674552	0.0085890541	0.0970091064	-0.0921642043	0.0655291134	-0.025339007	0.0382060126	-0.1276202639	0.0015949162	-0.0586596505	0.044296983399999997	-0.0080868709	-0.0159693328	0.0242526598	-0.0149098493	-0.2504172328	0.08678335289999999	0.021119496600000003	0.0116833657	0.1038740764	0.023281663799999998	-0.049142330899999996	0.0219652089	-0.0051473356	-0.0235227105	0.0650944896	0.0386541735	-0.0987776615	0.0637446716	0.06625082980000001	-0.0357698167	-0.0736396673	0.0103130888	-0.043343014900000004	-0.0661428283	-0.0731080363	-0.0376793023	-0.0107133475	0.0115457346	0.0260837596	-0.051483277	-0.0031933123	0.011007743799999999	0.05717891360000001	0.006834707	-0.0208676628	0.0514999076	0.0642725822	-0.037626432599999995	0.0481198798	-0.024751086600000003	0.053417827599999995	-0.047853379800000005	-0.054159317900000004	0.043974989400000004	0.0446701623	-0.035977110699999995	0.013239983899999998	0.0617506654	-0.1318292942	-0.0791907393	0.034642188399999996	0.022039640899999997	-0.0710021802	0.09509650929999999	0.010091	-0.0001607000000000015	2.5824490000000467e-08	0.000101828281	0.00778944	-0.02783676	6.06753755136e-05	0.0007748852072975997	-0.0606319	-0.006431599999999989	0.00367622729761	4.136547855999986e-05	-0.0026813	0.00036284999999999963	1.3166012249999973e-07	7.189369690000002e-06	0.00176244	0.0001705900000000002	2.9100948100000065e-08	3.106194753600001e-06	7.5532e-05	0.0	5.705083023999999e-09	0.0	0.0	0.0	0.0	0.0	0.0	0.0	0.0	0.0	0.0	0.0	0.0	0.0	0.0	0.0	0.0	-0.1507487743	1.403586493	-0.1359089626	-0.08095140399	-0.2686758968	0.8990486835	-1.940370053	-0.06056944593	-0.6474007454	0.1878066913	0.3962446818	0.3075833152	-1.228243596	-1.581763355	-0.6910717365	1.729478881	0.1916740656	-0.5663459666	-0.4207082249	-0.6603203218	0.9937150248	-0.3101201088	-0.2549437266	0.2633952345	-0.3030627952	0.2379845037	0.4159890582	-0.8746822714	0.4766562121
912.7442547928675	2.9770051937058497	833102.074657387	8.862559923351604	672.0509766221427	1.0778157984562995	451652.51517877576	1.1616868954019903	654.1203558397604	1.3826499705556898	427873.4399239347	1.91172094107765	1.178831	19.616083	0.10501356	0.09124636679999999	-0.0117232994	0.0303114902	0.0323201898	0.0024313365	-0.024817629100000002	0.0139336387	-0.1065629759	-0.0464499374	0.0156553735	-0.054532386100000003	-0.08784562050000001	0.0368097374	0.0053561534999999995	-0.1033701023	0.019036543700000002	0.1221572878	0.008307859	0.009705795500000001	0.0787918772	0.015108223600000003	0.037788411099999995	-0.08935132890000001	-0.0713075978	0.049571685899999995	0.0113370198	0.0746461868	-0.0203210418	0.0323798012	-0.0028058265999999998	-0.0362786724	0.06795061849999999	-0.060982661500000014	0.0232588808	-0.055549245700000006	-0.0385364037	0.0526223409	-0.09768051039999999	0.034072364	0.07015706669999999	0.0308161191	0.0632293261	0.0457876965	-0.1189603435	0.058896050599999986	0.0277363411	-0.0512036219	0.003387276	-0.0236753214	-0.0873047027	-0.0470273941	0.014712694699999999	-0.11665437029999999	-0.11387490189999999	0.1552961876	-0.0567580529	0.0216486373	0.0522991167	-0.0103467071	-0.0876936506	0.0144692572	-0.09534124050000001	0.0278339603	0.0376420302	-0.011526824599999999	-0.027529467400000004	0.07647684639999999	0.0093156912	0.0157254957	0.009937737700000001	-0.0826329499	-0.0005800118	-0.1559598036	-0.0774081143	-0.014432953500000003	-0.0365753402	-0.047617214000000005	-0.0560628107	-0.0432452782	0.1179835206	-0.032246698399999996	-0.0480492599	0.035407634300000004	-0.0495854414	-0.0750462864	-0.08144453759999999	0.0444345347	0.0021989048	-0.030745206299999998	0.013888706	0.0950488461	-0.025228393199999997	-0.0677852523	0.0026986125	0.0572601069	-0.0917268616	0.047688282699999994	0.0362058531	0.0631035272	0.030663563799999998	-0.1059718109	-0.0834034899	-0.0709291888	-0.0486660162	-0.0289134313	-0.0216585195	0.0473193998	0.0176917434	-0.0065324274	-0.0832429398	-0.0336361651	-0.040003756099999996	0.0872655838	-0.025887600400000002	0.0090667104	0.011225075800000001	0.0658915616	0.037456136800000005	0.0212057667	-0.0441232149	0.1456585142	-0.0358236504	-0.0932397967	0.1038732866	0.0787479772	0.0251678842	0.0864329481	-0.013034228500000002	-0.017335051299999998	0.011973005	-0.024648205899999998	-0.0501316017	0.0116966295	0.0084695626	-0.1139828034	0.0948427736	0.047328408899999994	-0.0185886109	-0.0255013688	0.0648481472	-0.049628692099999996	0.14784266669999999	0.08322770019999999	-0.1223378566	-0.0314076162	-0.0487953738	0.0978362317	-0.053318471	0.0023483884	-0.0085652627	-0.0314914027	0.0813446426	0.039326631800000005	-0.0672256065	-0.07996812519999999	0.0372197698	0.017961876	-0.0671433444	0.09389553140000001	0.017871599999999998	0.007780599999999999	6.053773635999997e-05	0.00031939408655999986	0.0460791	0.03828966	0.00212328345681	0.0014660980629155995	-0.0763832	-0.015751300000000003	0.00583439324224	0.0002481034516900001	-0.00240501	0.0002762900000000002	7.633616410000013e-08	5.7840731001e-06	0.00117489	-0.00058755	3.4521500250000005e-07	1.3803665121e-06	7.5532e-05	0.0	5.705083023999999e-09	0.0	0.0	0.0	0.0	0.0	0.0	0.0	0.0	0.0	0.0	0.0	0.0	0.0	0.0	0.0	0.0	-0.1567099189	1.468012041	0.2340735955	-0.6647921137	0.001526372443	-0.4535420213	-1.092005933	-0.09446204109	-0.05297545185	-0.5395593677	1.155389902	-0.7601855739	0.8719273896	0.3444466318	0.4175464049	1.098591403	0.4434579818	0.3368847417	-0.9059175044	1.005429219	-0.7910649614	0.02760349631	-1.776682269	0.9823760294	-0.849474451	-0.1205541882	0.3472609738	-0.6158052584	-0.2948814744
915.9553420322203	3.2110872393527643	838974.1885973617	10.311081258734156	672.5354986574707	0.484522035328041	452303.9969544528	0.2347616027184275	654.5525146592743	0.4321588195139157	428438.99444677937	0.18676124528366114	1.138295	18.941555	0.05126160000000001	-0.0343167407	0.076701508	-0.020172418799999998	0.043463437800000004	-0.070785348	-0.0136409727	0.1074252808	0.022645156200000002	-0.024668977999999998	-0.054960330099999996	-0.0454162253	-0.0184894392	0.0518816491	-0.042501568899999995	-0.0880991649	0.060965657300000003	-0.080531684	0.0149047102	-0.023661748700000002	0.038322317599999996	0.0195087729	-0.0288291029	0.0392435843	-0.0395780427	-0.042736137699999996	-0.0176432256	0.0439104392	-0.0040090661	-0.0848412527	0.029577419599999998	0.0526160906	0.0556376754	0.0871925763	0.0649298051	0.037058318300000004	0.009288132900000001	-0.0299022269	-0.0145507774	-0.0506112473	0.0336657506	-0.0331490598	0.0601626716	0.057536815899999996	-0.0254994092	-0.09009639609999999	-0.017924356699999998	0.1478561338	0.14218034570000002	-0.0633196511	0.055602483700000004	-0.022984307599999997	0.0575966043	-0.0717528904	0.0908048207	0.023490175800000002	-0.015986188000000002	0.0652901479	0.088273646	0.0559114788	-0.0497717094	0.0370621159	0.0845980738	-0.13568847380000001	0.0384704544	0.0431191756	-0.0670744101	0.0489447717	-0.0319326393	-0.043265365199999996	0.0743700753	-0.0522107096	0.054984132699999994	-0.046718082599999995	0.0675637813	-0.0084437698	-0.016101462	0.0797755769	-0.021911476000000003	-0.0103049174	0.1251966768	-0.1139572141	0.09728120189999999	0.0542091337	-0.088147651	0.0446171166	-0.0108328688	0.0493767888	-0.010578228200000001	0.0350984024	-0.0204211768	0.0669027157	0.0905433147	0.0975637477	0.024137615	-0.0714341485	0.025340211600000002	0.047915684800000004	-0.0531242276	0.06284741769999999	0.0314595107	-0.0089981515	0.0191193097	0.0110149702	0.0093023599	0.0559226894	-0.0174636547	0.0756603242	-0.10550450119999999	0.0341337984	0.0340587494	0.0550306728	0.127198657	0.0242968435	-0.0620308158	0.0066260898	0.0299445798	0.11067802369999999	0.0272322076	-0.0720655422	0.1230394414	-0.0126319248	-0.0531396462	-0.0552576516	-0.06650086	0.0114256125	0.0025180321	-0.08551480859999999	-5.09221e-05	0.027053112799999997	0.054583307000000005	-0.0300570525	-0.06431995	-0.11389771859999999	0.0018386110999999998	-0.09923525890000001	-0.09725060140000001	-0.086772759	0.06382324019999999	0.0012795292999999998	-0.0074161930000000015	0.040398326	0.07346948269999999	-0.07634788969999999	0.0439792487	-0.053462421600000004	-0.0710372326	0.0982094083	0.0173189422	0.020878833700000002	0.0053537409999999995	0.0181718689	-0.045595152800000004	-0.025291856499999998	-0.1654997154	-0.0807287506	0.039766149	0.013850234	-0.0630594054	0.09220276820000001	0.0225459	0.004674300000000003	2.1849080490000024e-05	0.00050831760681	0.0256607	-0.0204184	0.00065847152449	0.0004169110585599999	-0.0802231	-0.003839900000000007	0.00643574577361	1.4744832010000055e-05	-0.00285159	-0.0004465800000000002	1.9943369640000019e-07	8.1315655281e-06	0.00117489	0.0	0.0	1.3803665121e-06	7.5532e-05	0.0	5.705083023999999e-09	0.0	0.0	0.0	0.0	0.0	0.0	0.0	0.0	0.0	0.0	0.0	0.0	0.0	0.0	0.0	0.0	0.01129700057	1.345915402	-0.3913539944	-0.1774010277	-0.1592079605	-0.2156830351	-0.7165280758	-0.1921238604	0.405872486	-0.02116807252	-1.003620401	-0.8233543256	-1.17322452	-0.02402620588	0.8490001577	-0.7898197489	-0.4840679869	-0.4414140897	1.567715509	0.8595948796	-0.2987632738	0.8039808003	-0.05298978268	0.54369514	-0.7389010578	0.2357731713	0.427360729	-0.9134612335	-1.157399183
918.0117005802034	2.056358547983109	842745.482402157	4.2286104778632	671.4235697324224	-1.1119289250483462	450809.609992229	1.2363859343591703	653.9031508268879	-0.6493638323863706	427589.3306613317	0.4216733868115145	1.1174210000000002	18.5942	0.05354904000000001	-0.1306981949	-0.0465176083	0.0346527723	0.0335775862	0.013281593000000001	0.027822018100000002	0.08918442189999999	-0.027847218700000002	0.026477671	0.0579483331	0.038009710099999997	-0.0482981283	-0.024250726099999998	-0.0034217559	0.0814935446	-0.1374701393	0.06509921519999999	-0.0397668199	-0.0725956997	0.056149518499999995	-0.0198973853	-0.0726120685	0.0727039818	-0.0285755387	0.010541450400000001	-0.0869823182	0.0641388307	0.0210271814	-0.07706521150000001	-0.023042535	0.05023459190000002	-0.0856391115	-0.0814497084	-0.0645822166	0.030815363199999998	-0.0007590167999999999	0.056180464299999996	-0.036975611299999996	0.0907734451	0.041731841400000004	0.0028756465	0.0433927058	0.1208733175	-0.038029935099999995	0.027773572799999997	0.0105124959	0.067661353	-0.0362766005	0.0154494071	-0.0399067217	-0.0266869042	-0.020200716599999998	0.0722771935	-0.0120599517	0.1598461938	-0.0532778143	-0.053061730099999996	-0.0207906474	0.11725310039999999	0.07069293089999999	-0.0778302292	-0.145757052	0.0531928844	0.0160741215	0.0592776058	-0.09235980199999999	0.0515489157	0.030494430899999998	-0.1231569046	0.08003046679999999	0.044331265599999996	-0.0397812574	0.0953746065	0.0553816967	0.05785800820000001	-0.0887133329	-0.0230500092	0.09185007710000001	-0.0125772419	0.0252548957	0.13477442109999999	0.0307417635	-0.0239524425	-0.0875399213	0.006112704399999999	0.0500221618	-0.060512014	0.0591308725	-0.0259237546	0.020114238899999998	0.0086894202	-0.1129045437	-0.0079213169	-0.0914207781	0.1243119815	0.0165300229	0.0758642538	-0.0558277372	-0.0212497985	0.0197952453	-0.0956895734	0.088417969	-0.023248240099999998	0.0210704915	-0.0383843201	0.0362069192	-0.0410457399	-0.0354971708	0.0375581338	0.002439516	0.0479103506	-0.1212005683	0.0053492648	0.013050642	0.050296124500000004	0.0131730001	0.11738900869999999	0.0715067761	0.00099566	-0.0729693123	0.0880241273	0.0699157541	-0.0345427607	-0.032628298	0.066456591	0.0662298127	0.0190283113	0.030156754900000006	0.0899619835	0.0692981654	0.0439931447	-0.0548672591	0.0499176364	-0.058834449299999994	0.061722782000000004	-0.0113380801	0.0488578319	-0.1360230968	-0.0008181767999999999	-0.010818319	-0.0601388096	-0.0853859969	-0.09082699529999999	-0.0178795467	-0.0374465833	-0.08981864199999999	-0.0448456245	0.0286321689	0.0462232581	0.08981389669999999	0.1212068491	-0.029505213199999998	-0.0365328719	-0.020086632	-0.0814724559	0.0422791915	0.0097124697	-0.058764054800000014	0.0900270856	0.0225459	0.0	0.0	0.00050831760681	0.00777756	-0.017883140000000002	6.049043955360001e-05	0.0003198066962596001	-0.06999019999999999	0.010232900000000015	0.0048986280960399975	0.00010471224241000035	-0.00234293	0.0005086600000000002	2.587349956000002e-07	5.4893209849000005e-06	0.00117489	0.0	0.0	1.3803665121e-06	7.5532e-05	0.0	5.705083023999999e-09	0.0	0.0	0.0	0.0	0.0	0.0	0.0	0.0	0.0	0.0	0.0	0.0	0.0	0.0	0.0	0.0	-0.1961502697	1.401208768	-0.5016765372	-0.5454156992	1.161371326	0.598357451	0.1946837691	-0.1179138693	-0.287777691	0.02162632322	1.238811666	0.1458775593	-1.399377257	-0.01490016746	-0.06260749156	-0.1830425149	0.0407837975	-0.174650048	-0.3962084576	0.2538843359	1.800665837	0.9536966801	-0.9799595753	0.5299720545	-0.9887450461	1.460701941	0.631002615	-2.302263163	-1.586415732
909.2560490512808	-8.755651528922613	826746.5627363451	76.66143369592487	670.0453287505985	-1.3782409818238648	448960.7425804976	1.8995482039788107	652.2028021320285	-1.7003486948593718	425368.49510887	2.891185684109969	1.289412	21.45619	0.030979839999999995	0.1265901684	0.0004071333	0.0726210575	-0.0202121827	0.030345054399999998	0.0822490334	-0.0688945638	-0.12356118890000001	-0.0365980614	0.0069841834	0.0039430802	-0.012156568100000001	0.034546873	0.0371952118	-0.0288348125	-0.032961494	0.1357688577	0.0069776202	0.046450785599999996	-0.0773776679	0.0138486032	0.0784896561	-0.0137319256	0.0035087195	0.0041589172	0.0612856632	0.0763539005	-0.0426497923	0.0514690351	0.0485825231	0.0447462078	-0.051323672699999996	0.0877170998	-0.05371087	0.0417726054	0.0845723016	0.0270813088	0.0695676395	-0.1303188677	-0.0813919767	0.0097281251	-0.0143618478	0.17055080390000002	0.0159493071	-0.1409091229	0.0061719429000000004	-0.0332477753	0.0228983252	0.054337728200000004	0.0098028071	-0.0352994318	-0.058534897999999995	0.011313226000000001	-0.009957979	-0.0010365484	-0.14011512550000002	0.011019016699999998	0.0076848724	0.0724100545	0.1713038517	-0.0095432308	0.049372338700000004	-0.0807058541	0.0657472138	-0.0419842749	0.0075017686	0.12073879189999999	0.0114852501	-0.0763625503	-0.046201983200000005	0.0165813576	-0.1258983944	0.046046547800000004	-0.08963382240000001	-0.0870183605	0.0055527397999999995	-0.12482545589999999	-0.0015711585	0.010678307	0.0587520446	0.0347337025	-0.0957065951	-0.0969801768	-0.0008599808	-0.0865844421	-0.08674233449999999	0.006922605	-0.0591959467	-0.0005814872	-0.0243117722	0.0282364759	-0.0457126241	-0.1232194019	0.0009017564	0.042750391799999996	-0.0307444231	-0.0175952657	0.068388828	0.0313359242	0.0293190683	0.0382302514	0.0246963581	-0.0402690598	0.0503921055	-0.027335250800000002	-0.0853288654	-0.0320803225	0.0228218788	0.1028306882	0.0121275547	0.0851000235	0.0464253588	0.033935102200000004	-0.0390566062	0.0740842905	-0.0488118411	0.0766241288	0.030851802299999998	-0.07027063480000001	0.0910426705	-0.0767668879	-0.06282670309999999	-0.006650603299999999	0.1150688358	0.0057868287	-0.10594020009999999	0.0368795602	0.1605125071	0.0464239343	0.031156263599999998	-0.0039615675	0.0832205512	0.0271250104	-0.0070797838	0.0536122704	-0.1972430718	0.006348016	-0.08712093509999999	0.0931634788	0.040877517099999996	-0.0534759513	-0.1082709473	-0.0805882864	-0.0316463289	0.0164114344	0.0021840493	-0.0042405226	-0.06835424150000001	0.0126302377	-0.0320647934	0.0169600471	0.0068788877	-0.0372802288	-0.0249931816	-0.0821990853	0.0447567905	0.0055563871999999995	-0.0542716931	0.08737987900000001	0.0225459	0.0	0.0	0.00050831760681	0.0191252	0.011347640000000004	0.0003657732750400001	0.00012876893356960007	-0.0827844	-0.012794200000000006	0.006853256883359999	0.00016369155364000018	-0.00247969	-0.0001367600000000001	1.8703297600000024e-08	6.1488624961000016e-06	0.00117489	0.0	0.0	1.3803665121e-06	7.5532e-05	0.0	5.705083023999999e-09	0.0	0.0	0.0	0.0	0.0	0.0	0.0	0.0	0.0	0.0	0.0	0.0	0.0	0.0	0.0	0.0	0.009533343052	1.672297511	0.3210485213	-0.4699497557	-0.6545625319	0.4450724039	0.1674235162	-0.2456035583	0.000238607815	0.3281402807	0.3809363952	-0.4391210204	1.302730469	0.3942461394	0.4379049149	1.319246216	1.524630599	0.2723086973	-1.000087646	-0.3547566101	-1.391118801	-1.334965722	-0.8957718633	1.292613102	-1.133842211	-0.2477229777	1.093342954	-1.047623382	-0.2642334945
914.0840314705792	4.827982419298451	835549.6165895069	23.30941424105492	672.025560415536	1.980231664937492	451618.3538518152	3.9213174468211096	653.2605157167674	1.057713584738849	426749.30139453686	1.1187580273411064	1.324701	22.043404	0.06795100000000001	-0.0743510516	0.098832201	0.0080299057	0.0657188019	-0.0315651381	0.0158614443	0.1236514724	0.010468348399999999	0.0429651105	-0.0183718172	-0.09472508140000001	-0.0118660791	0.0668608408	-0.0429383215	-0.142124811	0.0176905212	0.1195039343	0.06618584450000001	0.0719390567	-0.005116692	-0.0950844015	0.0221824062	-0.0101351728	-0.025844756899999998	0.0474127964	0.0887395083	0.0239310703	-0.0212641052	-0.0327561485	-0.0461752734	0.0401220515	0.0007584663000000001	0.0547649907	0.0737962518	-0.0689666172	0.0163320677	0.0929008317	-0.0558962828	0.0312707008	-0.1216622233	-0.021352686000000003	-0.020064224	-0.06480347610000001	0.1511208915	-0.0540587808	-0.0025486069	-0.0564768894	0.09266263300000001	0.0860371018	0.0251806699	0.0044247441	-0.0823384439	0.1110318299	0.0356556284	-0.1787404454	0.0094904721	-0.0328960395	-0.005505903100000001	-0.0395575979	0.026226083900000002	-0.075913225	-0.11763144	0.2122601888	0.0966779675	-0.0040547583	-0.0346697019	-0.07016596280000001	-0.0528115804	0.0138572548	0.0386212642	0.0030294048999999997	-0.0366975746	0.0816026237	0.12555400490000002	0.021667673999999998	-0.0041196884	0.0150701185	-0.09227399689999999	-0.0087627353	0.139433955	-0.0362461024	-0.09178606880000001	0.023780340499999997	-0.1009928274	0.012837908	0.0313940648	0.0390556869	-0.0475087141	0.0432245345	-0.0488559745	0.18131969690000002	-0.037480421800000004	-0.1225590748	0.107686954	-0.0435326058	-0.0695825023	-0.026273097599999996	0.0134205744	0.0321608659	0.0339480563	-0.0282577111	-0.0012148589	0.0177867176	-0.090552501	-0.042247720999999995	-0.0818980205	0.0457204478	0.023197628999999997	0.0399386	0.0217404221	-0.1143406494	-0.0813519805	0.0437724912	-0.0138674252	-0.0701449102	-0.0812252183	0.0026312962	-0.030514829	0.0700689253	-0.0024197317000000003	-0.1165985298	-0.09798894220000001	0.1149581619	-0.0963266034	-0.032682651	0.0234327894	-0.0690920362	-0.0645878019	-0.005652305600000001	0.0739922113	-0.0428481604	0.0378391723	0.0014724493	-0.0273470593	0.0195629192	0.055469246500000007	-0.0389307769	-0.19114305899999998	0.0168180976	-0.0963201529	0.012899641699999999	-0.10784807	-0.0023123735	-0.10958959050000001	0.0377348825	-0.0001589443	-0.11289226289999996	-0.0432209321	0.0344285015	0.09759851189999999	0.0997635294	-0.0250045154	-0.027874967999999996	0.1437611679	-0.0829084865	0.047196869	0.0013898248999999999	-0.049597381399999994	0.0842750133	0.022567	2.109999999999959e-05	4.452099999999828e-10	0.000509269489	0.0508275	0.0317023	0.00258343475625	0.0010050358252899998	-0.0686061	0.014178299999999991	0.004706796957210001	0.00020102419088999972	-0.0022232	0.0002564900000000003	6.578712010000013e-08	4.942618239999998e-06	0.00117489	0.0	0.0	1.3803665121e-06	0.000260028	0.000184496	6.761456078399999e-08	3.4038774015999994e-08	0.0	0.0	0.0	0.0	0.0	0.0	0.0	0.0	0.0	0.0	0.0	0.0	0.0	0.0	0.0	-0.2101052554	0.9797441447	-0.5620226586	-0.446162153	0.2622731733	-0.8244474968	-1.92947218	-0.1572511298	-1.009600584	-0.7272797108	0.2426074951	-0.2377604032	-0.8169211833	-0.9807573175	2.325047585	-1.596170772	0.06320290634	-0.1510559527	-0.3179278605	0.8542023618	0.305635899	-0.6643924977	-0.4371345472	0.4890462794	-0.2305788175	-0.3367006273	0.298618849	0.04255376241	-0.2289909147
913.8342386314673	-0.24979283911193306	835093.0156951534	0.06239646247160008	671.73527762362	-0.2902827919159563	451228.2832040819	0.08426409928252238	655.0401574292165	1.77964171244912	429077.6078448927	3.1671246246888365	1.231097	20.485809	0.06413859999999999	-0.038531118999999996	-0.0069707198	0.1348312834	0.1468774807	-0.0841041316	0.0649837088	0.103592079	-0.0237288796	-0.034605590299999996	0.1096160983	0.0234979692	-0.09385606169999999	0.0267882135	-0.0390556122	-0.0128821552	-0.0238568575	-0.0266949762	0.0449987179	-0.025789040299999996	-0.09599070720000001	-0.1374650629	-0.075621332	-0.0254745224	-0.0515922208	0.09628303279999999	-0.0675088338	-0.0070988295999999985	-0.0426341359	-0.0533650358	0.039551959399999996	0.09993632570000001	-0.0211888557	0.0374264165	0.0302021306	0.0297007712	0.0720089369	-0.20013071670000002	-0.0153092799	0.11695720720000001	-0.11798262	-0.0435895608	0.0946799465	0.1673967905	-0.0235732458	0.039813032799999995	0.0042200261	-0.0318034977	-0.0497973417	-0.0347623973	0.0538964359	0.0428621716	-0.0219589665	-0.048028342599999996	-0.0591266506	-0.0216894972	0.019126446999999998	-0.0297758379	-0.0829297362	-0.10427787	-0.0290753586	-0.0876864837	-0.07935469490000001	0.0491902681	-0.04720269269999999	0.0568049621	-0.0236090145	-0.1058689963	-0.1158013627	0.0345609922	0.0156052646	-0.056031305999999996	-0.0139334793	-0.0397460637	0.0632321322	-0.0078724883	-0.1240033732	-0.0711593744	0.0066761878	-0.0942796498	0.0873405705	0.0091810862	0.037667774	-0.0369957357	-0.114241475	0.0372458867	-0.0350895404	-0.0781805429	0.06994474099999999	-0.0211148379	0.0325865667	0.052253178399999996	-0.0336829022	-0.0520221878	0.0469762478	0.0333215516	0.0725072784	-0.0933425128	-0.032646904500000004	-0.0486837979	0.0030692014000000003	-0.0346973262	-0.0627594375	0.1149582627	0.0160769989	0.0677139687	-0.0555678171	0.022152850800000002	-0.107844224	0.028727569900000006	0.1143463207	0.1100820547	-0.08868379109999999	-0.064703636	0.16162716130000002	0.037990968199999996	-0.0368414556	0.0745690414	0.11946115060000001	-0.1582531163	-0.0666566687	-0.050343741799999994	0.0193386342	-0.07388642549999999	-0.0738110865	-0.056827508600000014	0.0763522238	0.1407501906	0.0037502108	0.0028470533	0.0159575604	0.028268045800000002	-0.0670615118	-0.0345118891	-0.1371302083	-0.0166789252	0.10896042369999999	0.0006149272	0.0329197262	-0.0449113312	-0.1075500696	0.0041926561999999995	0.053046413	0.040780756800000005	-0.039855687	0.0338114724	-0.0113959479	-0.005022151	0.07015599410000001	-0.07147926980000001	0.0436181254	0.06543334099999999	0.0825977519	-0.0081696589	0.0289191221	-0.0836005109	0.049597381399999994	-0.0027793585999999998	-0.0447567905	0.0807287506	0.0225459	-2.109999999999959e-05	4.452099999999828e-10	0.00050831760681	0.0274453	-0.0233822	0.00075324449209	0.0005467272768399999	-0.0772121	-0.008606000000000003	0.005961708386410001	7.406323600000005e-05	-0.00268129	-0.00045809	2.098464481e-07	7.189316064099999e-06	0.00117489	0.0	0.0	1.3803665121e-06	7.5532e-05	-0.000184496	5.705083023999999e-09	3.4038774015999994e-08	0.0	0.0	0.0	0.0	0.0	0.0	0.0	0.0	0.0	0.0	0.0	0.0	0.0	0.0	0.0	-0.1756816998	1.643388835	-0.1614577666	-0.8296074993	0.5164618315	2.218769691	-0.4555066885	0.05309928627	-1.304627893	0.2486131469	-0.08194580292	0.3330045048	-0.2724209946	0.1427052821	0.507708845	-0.04733212516	-0.1069248156	-0.5566237451	-1.033658164	-0.2014191576	-0.540959088	0.2300323464	-0.135778674	1.223580099	-0.08767796446	-1.541652969	0.02504335141	-0.08045664049	-2.19215436
910.0569484388068	-3.7772901926605296	828203.649401753	14.267921199569425	671.219798407733	-0.5154792158870123	450536.0177745178	0.265718822011489	654.5802152203286	-0.4599422088879237	428475.25815789175	0.21154683551670245	1.268378	21.106174	0.07815230000000001	0.045002456600000004	0.1150178426	0.014631891299999996	0.039710096800000004	-0.025171776400000002	0.1103652718	0.0295167646	-0.065561937	-0.0586039625	-0.1087376544	-0.0451387986	-0.12329576310000001	0.034355995	-0.07313436450000001	-0.0439525761	-0.037424171	-0.0402428979	0.0356642453	0.0408477855	0.0476062457	-0.0456049817	-0.022162931	0.0312804555	0.0382321039	0.0341489963	0.09287498960000001	0.10234755300000001	-0.0242155186	-0.0100844841	-0.0307878783	0.109548489	0.1181293623	0.0100197218	0.017967166	0.015637503799999997	0.049782619800000004	-0.0584593238	0.1786813475	0.0183058181	0.0108177037	0.012903573400000002	0.0434311219	0.0483607083	0.0018094435000000002	0.0283354942	0.0448543025	-0.071067877	-0.095864794	-0.0597435745	-0.0132264622	-0.1505896641	-0.0833801626	0.0773235054	-0.0173897203	0.011431479199999999	-0.0943173158	-0.0654695864	0.0824830195	-0.0474539543	0.0185797537	0.0768039269	0.0207745585	-0.0611040721	-0.077399238	-0.0969529781	0.0262262754	-0.1163089543	0.07053665469999999	0.0647843212	0.07692857809999999	0.034506255	-0.006089206999999999	-0.0027690163	0.0226717952	-0.1274974698	0.049316136600000005	-0.04741629519999999	0.0010329027	-0.011564073700000002	0.1091655021	0.0158078821	0.032200939500000005	-0.080542591	-0.1003097909	0.0031394084000000004	-0.06782738940000001	0.1315780413	0.0498826553	0.042314193099999994	-0.0134343152	0.0706148281	-0.0681719328	0.0649499249	0.055883897800000006	-0.0416018604	-0.0967776897	0.0194176593	-0.030268552799999997	-0.0369136716	0.0631311215	0.0480699886	-0.034507465	-0.10535401470000001	-0.0651180957	0.0380491758	0.023427068399999997	-0.0260251202	-0.056448669699999995	-0.0110033441	0.010259886	0.0711922227	0.0708687059	-0.0849960921	0.1172232345	-0.0827964693	-0.0081947029	-0.0029320734000000005	0.020811295900000002	-0.1699798625	-0.0672876575	-0.0941455343	-0.11681619730000001	0.0308632192	0.047573488600000005	0.096912821	-0.0232073638	0.0723549545	0.0392311256	-0.009790524699999999	0.0938658101	-0.0070878634999999995	-0.0204357446	0.099659705	0.0592362269	0.1054288769	-0.0742610338	0.0533417511	0.033908992400000004	0.026942509700000002	0.1252524017	0.0443544037	0.035176945	0.0005149645	0.0196285225	0.06442401019999999	-0.0132409513	0.0174326164	0.0556770818	0.029103920800000002	-0.0326921633	0.1235217725	0.0423503707	0.010321321500000001	-0.0447011331	-0.0842750133	0.0519563153	-0.0069433001	-0.039766149	0.0767596645	0.0225544	8.500000000001562e-06	7.225000000002657e-11	0.0005087009593600001	0.0523512	0.024905899999999998	0.0027406481414399995	0.0006203038548099997	-0.107353	-0.0301409	0.011524666609	0.00090847385281	-0.00233635	0.0003449399999999997	1.1898360359999983e-07	5.4585313225e-06	0.00129189	0.00011699999999999993	1.368899999999998e-08	1.6689797721e-06	7.5532e-05	0.0	5.705083023999999e-09	0.0	0.0	0.0	0.0	0.0	0.0	0.0	0.0	0.0	0.0	0.0	0.0	0.0	0.0	0.0	0.0	-0.07338588101	1.729608144	0.3100373154	-0.3315044032	1.325153134	0.3878086528	-0.2329524511	0.02255192606	0.1148243809	-0.6324259871	1.897830576	-0.1783283181	-1.048744528	0.4852265701	0.1238033215	-0.1866818657	1.156302984	-0.379860561	1.806164483	-0.6528385242	-1.267692539	-1.031864897	-0.9595871194	-0.6639054717	-0.4869567763	-0.08361417479	0.6673322098	1.491577465	-0.6249006252
918.4631591536796	8.406210714872827	843574.5747225573	70.66437858284273	673.2666823680369	2.0468839603038305	453288.0255868631	4.189733946949094	654.7503191772428	0.17010395691420402	428697.98046270135	0.02893535615786937	1.295907	21.564272	0.036390949999999984	-0.1121280086	-0.0650901104	0.0134466676	0.08470306529999999	0.050855331	-0.0835624435	0.1581548523	-0.032190512000000004	-0.0424500634	-0.0282326563	0.0052783163000000004	-0.09564528359999999	-0.0375979831	-0.032762462400000004	0.0796917697	-0.045890510499999995	-0.0076364903000000015	0.0675960358	-0.0307134454	0.09856357199999999	0.0813377079	0.0710262	0.04229137559999999	-0.016611283600000002	-0.024163462799999997	0.0979745057	-0.027511554100000002	-0.0006377234	0.0285812011	0.0545568521	0.0528094297	0.0035599084000000002	0.1368665661	0.033678093900000004	-0.1841428975	-0.1563218662	-0.0748114015	-0.039225122599999995	-0.0281384734	-0.0775851888	0.1280483087	-0.048079456799999996	0.0435203024	-0.0262492711	-0.057708216	-0.09900845189999999	-0.2029632455	-0.0650390002	-0.023122786099999997	0.0216310289	-0.0191385475	0.0624262085	-0.019250888799999998	-0.0435674007	0.0102815409	0.0445728762	0.0049393713	-0.0998111325	-0.0426192928	0.019291976699999998	0.09976502470000001	0.016316428100000002	0.1245215819	-0.0189562766	-0.0835455009	-0.0968714699	-0.0846898782	-0.0290893694	-0.0324314529	-0.0606985512	-0.0587169538	-0.0152205631	0.0891988091	0.025730907200000003	0.0725553791	-0.0804842201	0.0249790851	0.1149631915	0.014336551000000001	0.0950039814	0.10197889859999999	0.0961415957	0.1237824166	-0.1404984566	0.0311177929	0.0216067029	0.0137679901	0.0870992747	0.0212408296	0.0243353401	-0.0234572409	-0.05685313700000001	0.0263032879	0.0623424105	0.033593324	-0.0083700206	0.0998728325	-0.015446634099999999	0.0153482368	0.0611910106	0.050917181	-0.024133523100000002	0.0200336538	-0.04718939690000002	-0.0500766264	-0.2344737233	0.0562283925	0.08487576599999999	-0.0087369997	-0.0123639597	0.0617651112	-0.0767066655	0.0402312771	0.0455017245	-0.0024223491	0.0186964808	0.020696070100000002	-0.1571259024	-0.0036080490000000003	-0.0128672948	-0.0199501841	-0.1251002494	0.0485253469	0.11062867189999999	-0.085179505	0.0109458489	0.058452656	0.015052748700000004	-0.01841353	-0.10712510689999999	0.0996949431	0.0431109428	0.0218792342	0.0641995503	0.0319212062	0.0709678574	0.0178740729	0.12542893689999998	-0.091374292	-0.0325871537	0.0629946062	-0.0413571918	-0.0238668208	-0.0782942135	0.1299397606	-0.10669546939999999	-0.0627021225	-0.0160369396	-0.047664821100000004	-0.0089648609	-0.0572942579	-0.0838747046	-0.056221956	-0.0365789942	-0.0849318525	0.0542716931	-0.0110941461	-0.034642188399999996	0.07238854360000001	0.0225631	8.699999999993435e-06	7.568999999988576e-11	0.0005090934816099998	0.06715030000000001	0.014799100000000016	0.004509162790090001	0.0002190133608100005	-0.107336	1.7000000000017e-05	0.011521016895999995	2.890000000005781e-10	-0.00248449	-0.00014813999999999973	2.194545959999992e-08	6.172690560099999e-06	0.00117489	-0.00011699999999999993	1.368899999999998e-08	1.3803665121e-06	0.000241715	0.00016618300000000006	5.8426141225000014e-08	2.761678948900001e-08	0.0	0.0	0.0	0.0	0.0	0.0	0.0	0.0	0.0	0.0	0.0	0.0	0.0	0.0	0.0	0.1738718797	1.609280005	-0.00487297663	-0.1861797862	-0.6306456631	0.531987654	0.04361886989	-0.2252676029	-1.773372574	-0.7417971289	-1.344805109	0.6739389853	-1.362726818	0.358609377	1.371683752	0.7606552186	-0.2754267381	-0.1229914397	0.1207873946	1.592749104	2.378403477	2.068056643	0.589641797	0.2179503649	-0.8340639432	1.03000798	-0.3963536652	1.431864224	-0.6496706716
914.6354305849793	-3.8277285687003086	836557.9708813705	14.651505995644513	671.5606967921424	-1.7059855758944875	450993.76947594783	2.9103867851600467	653.9612249571237	-0.7890942201190683	427665.2837474217	0.6226696882253205	1.626782	27.070122	0.108996645	0.0855986211	0.049591374800000004	0.0158133849	0.0612224871	0.07809181230000001	0.0509078226	0.046184922	-0.1017049833	-0.1617479299	-0.0206625854	0.016554594	-0.0039944507	-0.015721059	-0.0792601975	0.050087107699999994	-0.13353153880000002	0.0438824546	0.060484982	0.0333504311	-0.014279203899999999	-0.0103843532	-0.0039849269	0.034984753199999996	-0.031223449700000006	0.0451531311	0.08423849039999999	0.0159214547	-0.0933198337	-0.10106828529999999	-0.0283252935	0.0708139083	0.0421650102	0.0028573227	-0.1117674251	-0.0723079048	-0.0033832931	-0.0109985668	0.13352240099999999	-0.083240898	0.06764839809999999	0.12398772570000001	0.019873845	-0.0289234198	0.069354123	0.04565833	-0.12031256679999999	-0.0236431048	-0.0283048315	0.0160297551	0.0183635833	0.014555762	-0.053333260199999996	-0.0033123073999999997	0.1091654027	0.1135909107	0.10465820070000001	-0.0477471606	0.0411519169	-0.0461417939	0.00041255	-0.0165369325	0.0587057893	0.0256020332	0.075106774	-0.1126319341	-0.0877087003	-0.1234862099	-0.0241776048	0.1173620375	-0.08327598480000001	-0.0110919732	0.2045929591	-0.009689458100000001	-0.0640324484	-0.1177607403	-0.0532538125	0.0181901871	0.0567355619	0.0755568021	0.0620044164	0.1612661005	-0.0073295589	-0.0324446308	-0.1097185883	0.0007799508999999999	-0.1368193898	0.0071158322999999996	0.0748376065	0.025838414599999998	-0.0671929061	-0.024353085099999998	-0.1324147251	-0.0093131013	0.0156680779	0.0326921963	0.0033589931	-0.0024597435	-0.0314144998	-0.0332353715	0.1183404374	0.0094782424	0.0217939157	0.0043705015	-0.1004348188	0.011335181299999999	-0.0300786952	-0.1165952298	-0.0408366737	0.0094019959	-0.0226419723	0.0457594158	0.11156492259999999	-0.09591002529999999	0.03998854	0.0072877493	0.0018098892000000001	-0.0444522195	0.0011364112	-0.049494945	-0.09357409929999999	0.0824960177	-0.061585835400000004	0.1604921449	-0.0466478871	-0.029027793700000002	-0.09909392800000001	-0.0383850213	-0.0454365641	0.1069422149	-0.0319387074	0.1374759665	-0.055885918099999994	0.0307478244	0.09453507189999999	-0.0588006479	0.0108268476	0.0779182496	0.0144962825	-0.1368091619	-0.0665148457	0.0896160754	-0.0295191246	0.0283651462	0.06309331139999999	0.0840703215	0.0313908323	0.10426159869999999	-0.0979404087	-0.0444797434	-0.0622616737	-0.0954675879	-0.0693277658	0.0519863364	-0.07308132839999999	-0.0855708907	0.056541573899999996	-0.0152240679	-0.029402087200000007	0.06763828200000001	0.0183412	-0.004221899999999994	1.7824439609999947e-05	0.00033639961744000014	0.0192936	-0.047856700000000016	0.00037224300095999984	0.0022902637348900016	-0.0730191	0.034316899999999984	0.005331788964810001	0.001177649625609999	-0.00277033	-0.0002858400000000003	8.170450560000018e-08	7.6747283089e-06	0.00117489	0.0	0.0	1.3803665121e-06	7.55321e-05	-0.0001661829	5.70509813041e-09	2.761675625241e-08	0.0	0.0	0.0	0.0	0.0	0.0	0.0	0.0	1.0	0.0	0.0	0.0	0.0	0.0	0.0	-0.3095269909	1.695611478	-0.4347409473	-1.274396532	1.610548014	0.7930394578	-0.2889015383	-0.2180164449	1.763816199	-0.4885726443	1.933121758	-1.556217404	1.251891405	2.894525642	-0.3360085202	-0.2805183451	0.2207767448	-0.03841564949	0.9582966973	0.02509305773	0.6194088275	-0.5348025279	-0.1079735126	-0.2452253923	-0.3253502585	-0.1612797925	0.553657417	-1.182903886	-0.1671877496
913.1241517260921	-1.5112788588871808	833795.7164654953	2.28396378931934	671.2681976106454	-0.2924991814969644	450600.99312344455	0.08555577117639412	652.8977665354339	-1.063458421689802	426275.49354695797	1.130943814662965	1.687107	28.073952	0.030201105000000006	-0.0846298492	0.012584885700000001	0.002652305	-0.0392625596	0.0027575187	0.038404477799999996	0.07532346059999999	-0.09134164609999999	0.0516190759	-0.10433050640000001	-0.0216268011	-0.0498140862	-0.1211205466	-0.0068047763	0.028990024700000002	-0.1446696498	0.0104518271	0.018804624	-0.0717674764	-0.0884680689	0.0189113182	0.0800849181	0.0034960966	-0.0803553702	0.0050700948	0.0157916293	0.0283986063	-0.0415259838	-0.11934527630000001	0.0614333707	0.0757346332	0.08772449210000001	0.0240534708	0.025808336499999997	0.0470078009	0.010970756399999998	-0.0074170702000000005	0.046090142599999995	-0.0829051701	-0.0013988031	0.07783462099999999	0.18784826010000005	0.0477913677	0.018809566	0.071343478	-0.0037916373999999997	0.0040015868	-0.0036072251	0.0753315938	0.036049528500000004	-0.06265143	0.0584484509	-0.0205299832	0.0121985223	0.0334458783	-0.039888876499999996	-0.016976129399999998	-0.0730342096	0.0747733788	0.054181635	0.0542086416	0.023508185600000002	-0.0049382582	0.0662140359	0.0663626221	0.107861866	0.0108817377	0.0496140709	-0.162328174	-0.0269483233	-0.0943719358	-0.1032091641	-0.0381932183	0.04011258	0.0245545022	0.0368431408	-0.060109244699999995	0.066716078	0.1038779851	0.0443758199	0.13603385369999998	-0.0668654589	-0.023622794	-0.10488238400000001	-0.0689146295	0.0572451833	0.1293562866	0.0965949911	-0.034851939900000004	-0.059516592800000004	-0.012681991	-0.1054117623	-0.0054558312	-0.0194166927	0.0717629094	0.1195556194	0.006306607099999999	-0.009401358	0.080922158	0.1282100666	0.0455333352	0.0165089671	-0.031641982400000004	-0.0150364517	0.0141096746	-0.0060975735999999996	0.0127566053	-0.10937729019999999	-0.0018096325	0.0282605503	0.0427743197	0.0776913974	-0.0443584787	-0.0835263036	-0.09791577609999999	-0.0811987128	0.10369887	0.06278922299999999	-0.0146837329	-0.10510030279999999	0.0459137356	-0.0348691537	0.0588873212	0.08692271019999999	-0.0206869167	0.1149873549	-0.0020854205	0.09127930220000001	0.0774064244	-0.0654653048	0.06922470929999999	0.0024735638	0.0070403302	0.0181712412	-0.0423125949	-0.1296762821	0.0026967698999999998	0.0716346027	0.014434398999999999	0.0171259858	-0.0665784188	-0.0038264949	0.0091378737	-0.0777794576	-0.09519151449999999	-0.0417256749	-0.08166716389999999	0.095773001	0.0037795209999999997	0.0315146011	-0.1470786161	-0.025194548599999998	-0.0634075043	0.0789232396	-0.08619199400000001	0.058764054800000014	-0.0193252763	-0.0240634131	0.06253375950000001	0.0178918	-0.00044940000000000263	2.019603600000023e-07	0.00032011650724	0.0290719	0.009778299999999998	0.0008451753696099997	9.561515089e-05	-0.089475	-0.016455899999999996	0.008005775625	0.00027079664480999984	-0.00269998	7.035000000000027e-05	4.949122500000038e-09	7.289892000399999e-06	0.00117489	0.0	0.0	1.3803665121e-06	7.5532e-05	-1.0000000000699551e-10	5.705083023999999e-09	1.0000000001399106e-20	0.0	0.0	0.0	0.0	0.0	0.0	0.0	0.0	0.0	1.0	0.0	0.0	0.0	0.0	0.0	0.1945619417	1.686204493	0.2526009264	0.05729594072	-1.898692052	1.261415764	0.2392283209	-0.3143421383	-1.058100045	0.2627869833	-1.331995952	0.9846594819	0.1192279305	-0.6687452522	0.3790167695	-0.4440662613	0.9726622826	-0.3910917413	-1.648340006	0.2874191447	0.7715818624	0.5445696981	-1.267274975	-0.8886768302	-1.025165966	1.269469227	0.9465085503	1.00500048	0.8706377435
916.6082030306732	3.4840513045810435	840170.5978631198	12.138613492952876	672.2500421341712	0.9818445235257514	451920.1191493949	0.9640186683775096	652.5106375855412	-0.3871289498927126	425770.1321622895	0.14986882384503442	1.690826	28.135832	0.09863615000000002	0.0065140789	-0.0392969684	0.0162428325	0.0474550482	-0.1545631132	-0.0527896655	0.1100264031	-0.1270843767	-0.07043319990000001	0.0143782828	0.026240908599999998	0.0063366712	-0.008197181500000001	0.0070813902	-0.08449503369999999	-0.047762472599999994	-0.0017470463	-0.091968063	0.007167065	-0.1575796266	0.0441339512	0.0786017796	0.1013484017	0.0686012855	-0.09378090789999999	0.115383376	-0.0202457136	-0.053841847400000004	-0.088591377	0.019858931	-0.0215188796	0.12662734609999998	0.0230695825	0.021909724199999998	0.0248614642	-0.08636732820000001	0.087144883	-0.0410583052	-0.0311035498	0.2333551893	-0.0089316977	-0.0860968711	0.0058870884	0.0802444999	0.019252915500000002	-0.045790408600000006	0.0535426098	0.0515643167	0.06892755240000001	0.1021169734	-0.0200683056	0.0959781045	0.0686801438	0.0867675411	0.0636703769	0.0043861181	-0.0346488601	0.0156151983	-0.0166518558	-0.0046044638	-0.0148386686	0.0476881084	-0.052996482000000004	-0.0700635988	-0.0036214251	-0.0074814721	-0.0355171623	0.0040162012	0.1506976646	0.12292626539999996	0.040899124	-0.022477604900000003	0.10983668460000001	-0.0462233458	0.030001210099999998	-0.08763011849999999	-0.004456373400000001	0.0775531104	0.0774884714	0.099938899	-0.038256554500000005	-0.1326590193	0.07013937740000001	-0.1366586522	-0.0566273801	-0.1072568374	-0.0049985726	-0.0070991840000000014	-0.0677454726	-0.027908902200000002	0.0507675969	0.0199128053	0.0180228502	-0.046132382400000005	0.0347400936	0.05787451690000001	-0.0525649694	0.051730615599999995	0.023657160899999998	0.06932301099999999	0.1439153286	0.13215751650000002	-0.1212799023	-0.0118832529	0.1124475914	-0.0303854598	-0.0256939861	-0.0868212987	-0.027798213500000002	-0.10256099810000001	-0.1006567578	0.1227217825	0.05240555190000002	-0.10125231529999999	-0.0070094624	0.1606213487	-0.003954202899999999	-0.0579502761	-0.0030115574	0.043472669000000005	-0.0185647954	0.0367398741	0.0722859938	0.015866952	-0.0505920483	0.1638707797	-0.0506358079	0.0010428682	0.0082410044	-0.008805751700000001	0.0013787573	-0.0628850309	-0.0099094848	0.0185687899	-0.017363031299999998	-0.12243507619999999	0.0814236887	-0.0015440013	-0.01391858	0.026264058700000002	0.0040062503	-0.022057739700000002	0.032926305	0.1633610791	-0.0306392625	0.0190208445	-0.09109433630000001	-0.023340860699999997	0.0020193619	0.0766555205	0.0528333883	-0.09342817169999999	0.1121433034	-0.043012529	-0.08679503220000001	0.060937272599999995	-0.023390036200000002	-0.0186440646	0.0571017114	0.0225545	0.004662699999999999	2.1740771289999992e-05	0.0005087054702499999	0.05976030000000001	0.03068840000000001	0.003571293456090001	0.0009417778945600008	-0.0627546	0.026720400000000002	0.00393813982116	0.0007139797761600003	-0.00292797	-0.00022799	5.197944009999998e-08	8.573008320899997e-06	0.00079152	-0.0003833700000000001	1.4697255690000004e-07	6.265039103999999e-07	0.000195465	0.00011993299999999999	3.8206566225e-08	1.4383924488999999e-08	0.0	0.0	0.0	0.0	0.0	0.0	0.0	0.0	0.0	0.0	1.0	0.0	0.0	0.0	0.0	-0.392393107	1.415682971	-0.6575526234	-1.183840319	1.688999194	-1.348608343	-1.379338201	-0.2069462705	1.076345044	-0.8879773884	1.942189487	-0.3645931797	-0.1361217565	1.98271991	1.007516895	-0.1006364747	-1.145037657	-0.1297820582	-0.8446087966	1.462697988	-0.2143309527	1.940864868	-0.6834016683	0.9179198263	-0.04226897308	0.6347449416	-0.684837541	-1.273188254	-0.02528537476
908.3627865818763	-8.245416448796847	825122.9520467914	67.98689241408958	671.4416541865386	-0.8083879476325819	450833.8949767553	0.6534910738776181	651.9836125913444	-0.5270249941968359	425082.6310876602	0.2777553445081749	4.008896	66.709183	1.36926836	-0.1157770252	0.17202233	0.0451949145	0.044582463899999994	-0.0975182441	0.1229242602	0.1428181171	0.328924953	-0.13543935740000002	-0.116824631	0.0322336327	-0.0942948015	0.1208846976	0.7625274563	0.0498617453	-0.1583531691	-0.0874765289	0.0867849483	-0.060898906600000004	0.07765935389999999	-0.09244110609999999	-0.002020811	0.0223174316	-0.0539867412	0.008123878900000001	0.011927975700000001	-0.09913089580000001	0.0327033159	-0.0150055118	-0.018107282199999998	0.0190634259	0.05236242940000002	-0.0340714865	-0.0421262783	-0.0345251496	0.0283690606	0.0500497346	0.004559252299999999	-0.0678359478	-0.0107379957	0.0081921625	-0.0080971531	-0.0380146565	-0.0713190227	0.049851253899999996	0.0201008578	-0.011236867	-0.015458719899999999	0.023823058799999998	-0.0111015255	0.0042443875	-0.0572010774	0.020718251599999998	0.0474474538	0.0103095796	-0.0424554681	0.0281690318	-0.0171275646	-0.011431198	-0.017739423600000002	0.0630132584	-0.0120846579	0.026936801899999998	-0.0139744669	-0.0032769691	-0.0149785412	-0.0047939981	-0.018205081	0.0646424011	0.030352795	0.0062933780000000005	-0.0171699848	-0.0272708659	0.2359987397	-0.0930023049	-0.0223303037	0.09689436789999999	0.19700157710000002	-0.025626288100000002	0.049633703499999994	-0.2514519152	-0.022947847900000002	-0.0728510923	-0.0589983122	0.44505340579999997	0.10880151099999999	0.11939536369999999	-0.4368128509000001	-0.4832276075	0.2580164558	-0.0579030388	-0.2281966107	0.1512629303	0.0695429558	0.0958580644	0.0170118015	-0.06049146900000001	-0.052073783600000006	-0.0389699207	-0.0190602155	-0.012690944099999999	-0.0637172613	0.0309076819	0.0065136720999999995	-0.067206482	0.0406508377	0.000477072	-0.0524937646	0.0157478308	-0.026064335299999998	-0.0011756234	0.0165065093	-0.0637179646	-0.0207147728	0.005082738	-0.015281168999999999	0.0133931004	-0.0199028903	0.0546382504	-0.0148183793	0.0005414406	-0.027269095	0.0382021394	0.018185548500000003	0.0292218321	-0.0189206362	5.5358e-05	0.033631541	0.012523227900000001	0.0349652515	0.09557717939999999	0.0402514022	-0.044367023	0.0692864072	-0.0422629747	0.0094274652	-0.0322113696	0.0068809748	-0.0086734758	0.029893651	0.018015203400000002	0.039281541	0.05670347360000001	0.0133259169	0.0057569421	0.0180625011	-0.001375467	0.0122387894	0.0736750884	0.0452996125	0.036823422	0.051032943600000005	0.0157215545	0.0115730033	-0.08737987900000001	0.0630594054	-0.027410681200000002	-0.0131622105	0.051370588499999995	-0.007861609999999998	-0.03041611	0.0009251397475320998	6.180491179209997e-05	-0.0926333	-0.15239360000000002	0.00858092826889	0.02322380932096001	-0.392795	-0.33004040000000007	0.154287912025	0.10892666563216	0.0101185	0.01304647	0.00017021037946090002	0.00010238404225000002	-0.00214785	-0.00293937	8.6398959969e-06	4.613259622500002e-06	0.00133799	0.001142525	1.7902172401000004e-06	1.3053633756250005e-06	0.0	0.0	0.0	0.0	0.0	0.0	0.0	0.0	0.0	0.0	0.0	1.0	0.0	0.0	0.0	3.509844423	-1.030170846	2.137019336	0.876408529	-6.02239175	5.535981207	-2.260644651	5.546770987	-1.414376203	-6.635888566	-4.372844285	0.4173528893	0.3837632484	2.297929665	4.641038134	-1.84553445	0.4882204845	-9.796470279	-0.2363066951	-0.05549449293	0.8709537021	0.4566248007	3.434297515	-0.5143587702	-0.6682589365	1.404785008	1.69294363	-1.716632854	-2.110813108
922.3856791019448	14.022892520068467	850795.341012356	196.64151462939216	670.1645399945401	-1.2771141919985212	449120.5106660935	1.6310206594040355	658.3861115354788	6.402498944134437	433472.2718628079	40.991992729642575	3.255567	54.173565	0.8702884099999999	0.09866233390000001	-0.1095547115	-0.2570852874	-0.024844014900000003	0.1520872536	-0.1330954366	-0.3032790603	0.2953286483	-0.0608213649	0.1382978024	-0.527894248	-0.1008628625	-0.0920438974	0.0111719637	0.23238323019999998	-0.0674928291	0.11536582769999999	-0.24562785969999998	-0.006356992	-0.12155897880000001	0.0267994268	0.0886343835	0.19210799609999998	-0.1938107659	-0.041325636	0.0569253792	0.142465115	-0.1379494019	0.07198111559999999	0.12868092039999998	0.082299488	0.0274469988	-0.057025607699999994	0.034827769700000004	0.062000053	-0.0552508429	0.0091212854	-0.0042496172999999995	0.019503218899999997	0.0060854298	-0.0073351875	-0.031297000000000005	0.062117035999999994	-0.006800348	-0.0338801442	0.0411570491	0.01232465	0.020826305700000002	-0.0407250376	-0.0110652878	0.0480584268	0.0754581397	-0.015389614199999999	-0.0271803629	-0.0835570855	0.0226880969	-0.035675901499999996	-0.044967529000000006	-0.0003836677	0.0312135345	0.0207605877	0.0321347542	0.011791359099999999	-0.0021899893	-0.0402562602	0.0475701154	0.013225035800000002	0.0144959931	0.05452625480000002	-0.0503281291	-0.039857446	-0.0252104646	-0.0022727904	-0.1845521738	0.1326746918	0.05937365190000001	0.2302840404	-0.4112975782	-0.1340580908	-0.1529553992	0.173362448	-0.148876376	0.014279326299999999	0.40201432740000004	0.217612328	-0.0065840587	0.18057873230000002	0.030008859199999998	0.2381933754	0.34050821130000003	0.0634891409	-0.0631044557	-0.18941311309999997	-0.279860068	0.0973887905	0.1147184527	-0.028116960299999997	-0.19445323579999998	0.12983415339999999	0.1559894228	0.027391843	0.1839166111	-0.1381409389	0.0400614692	-0.0760431335	-0.0691542741	0.0190914269	0.0020264897	-0.028930693700000006	-0.0643587765	0.039190636	0.0062779851	0.044305470599999994	-0.0544581085	-0.0801768196	0.0072564226	-0.0109327749	0.0404222419	-0.024049758199999997	0.09432282859999999	0.017319084199999998	-0.042681535199999995	-0.10146908210000001	0.0672959429	-0.0820803766	0.05460089059999999	0.0375274354	-0.0010680946	-0.0171561858	-0.0677148073	-0.061376922300000004	0.0231822171	0.0117975271	-0.04886303559999999	0.09708190720000001	-0.0095804619	-0.0055752186	0.1021896702	0.0179461437	0.007698963100000002	0.000669228	-0.0466673088	0.0190671824	-0.015445297299999999	0.0046812913	-0.0192022679	-0.0031209643	-0.000349286	0.0196041727	-0.0743382075	-0.0296966051	0.0246311544	0.0262896833	0.0251743727	-0.0879464117	0.0651286743	-0.031379628	-0.0076362289	0.045370408099999995	0.105363	0.11322461	0.0128198123096521	0.011101361769000005	0.224412	0.3170453	0.050360745744000006	0.10051772225208998	-0.7121970000000001	-0.3194020000000001	0.5072245668090001	0.10201763760400004	0.0106217	0.0005032000000000005	2.5321024000000053e-07	0.00011282051089000004	-0.00368513	-0.0015372799999999998	2.3632297983999994e-06	1.35801831169e-05	0.00096614	-0.0003718500000000001	9.334264996e-07	1.3827242250000006e-07	0.0	0.0	0.0	0.0	0.0	0.0	0.0	0.0	0.0	0.0	0.0	0.0	1.0	0.0	0.0	4.379630595	0.6183618291	0.04529388274	3.07640339	-5.716344062	4.091401278	-1.017349235	8.031285814	1.130293741	3.023309427	-4.321563581	2.267983118	0.2889432037	-0.292629197	-0.6877346139	0.1351949583	0.6450775856	7.264562712	-1.51546187	-0.822842843	-0.734478313	-2.077120315	1.023927034	-1.026095849	1.174867521	-1.021644617	1.955169395	0.6174670569	0.6668296921
906.8599043667964	-15.525774735148387	822394.8861481552	241.049681126572	669.1195123071658	-1.0450276873742723	447720.9217501794	1.09208286737882	653.8316905897492	-4.554420945729589	427495.8796194496	20.742750150900406	2.9451970000000003	49.008919	0.58414855	0.0199594972	-0.1452275955	-0.013504136100000001	0.0322582014	0.10076417900000001	-0.027941802	-0.26779791350000004	0.2166675919	0.1021578385	0.0433021533	0.20967147239999998	-0.1564041359	0.053156184800000006	-0.0532627036	0.0927510825	0.21698413309999998	0.055296747599999994	0.0134871543	0.0766719999	-0.2121064895	-0.0385377794	-0.10719043519999999	-0.0348274751	0.09068076929999999	-0.0242983491	0.1018298927	0.024331886	-0.0013888622	-0.1728950963	0.0193582311	0.1585733794	0.0788460475	-0.0179954311	0.0539319141	-0.0763568254	-0.0065719283	0.0817322834	-0.0315187117	0.0103502901	0.0714042067	-0.08855200869999999	0.0453094659	0.0283560433	-0.0206135324	0.1107289914	-0.05705257480000001	0.0637339993	0.0620216679	-0.0528625809	0.0882246293	0.018594653899999997	-0.0539288111	-0.056263550499999995	-0.0316100509	0.1007779963	-0.0892408161	-0.0007067719999999999	0.0526759511	0.0109958356	0.0002190043	0.1569671317	-0.1362311571	0.048438500700000005	-0.028731642	-0.058301347300000014	-0.0675529978	-0.1039698373	-0.0155919995	-0.0557141067	0.1275009886	0.0157149964	0.0291253048	-0.0551898702	-0.033687254300000004	0.0213134547	0.112176093	-0.056956139100000004	0.0906264551	-0.3459849047	-0.31959241120000004	-0.0872677423	0.0801182319	-0.026745798799999998	0.32291974809999996	0.0550356778	0.09803272390000001	-0.10006345789999999	0.0871374867	0.0994198658	0.11767279	0.018580658400000002	0.0398622241	-0.0665988188	0.1100482028	0.024168940299999997	-0.0414738097	-0.052442264800000006	0.1342856172	-0.0657901325	-0.0380330673	0.024266740800000002	-0.0224418374	-0.033014653	0.0460023709	0.0542358212	-0.054230569400000005	-0.0489072773	-0.1808197752	0.0715566469	-0.034600761699999996	-0.0449217009	0.065941396	0.0415946856	0.1195000128	-0.1038398722	0.1509925239	0.0833524004	0.0506353378	-0.04391469730000001	-0.13871999210000002	-0.0796423187	-0.0099960773	-0.0132254427	-0.07092882910000001	0.0105813278	0.1042004175	0.0331263323	-0.0006938858	0.1179402013	0.0758910905	0.0015995360000000001	-0.11931899230000001	0.020833919399999998	-0.0055878617	-0.2203433273	-0.0638203374	-0.1144604848	-0.0440911539	-0.0214623915	-0.0060619351	-0.0027065390000000004	0.0401633173	0.1186557368	-0.0660349342	0.030925662799999996	-0.0254408879	0.032902874500000005	-0.0360727021	0.0596753951	0.1091377139	0.049093438499999996	-0.0409359671	-0.029783401	-0.0047092424	-0.0884945117	0.0671433444	-0.0352893912	-0.0020846464	0.0391325966	0.0422384	-0.0631246	0.003984715125159999	0.0017840824345600004	0.171507	-0.052905000000000015	0.029414651049000002	0.002798939025000001	-0.50868	0.2035170000000001	0.25875534240000003	0.04141916928900002	0.00854069	-0.002081010000000001	4.330602620100005e-06	7.294338567610001e-05	-0.0008200609999999999	0.002865069	8.208620374761e-06	6.725000437209998e-07	0.00062018	-0.00034596	3.846232324e-07	1.1968832159999998e-07	0.0	0.0	0.0	0.0	0.0	0.0	0.0	0.0	0.0	0.0	0.0	0.0	0.0	1.0	0.0	2.664032449	0.29732589	-2.587173605	2.565687589	1.523243993	-0.6452828124	0.4340844062	6.285132561	-0.0461924056	-0.06824737828	3.175891307	2.596237042	1.673973787	-0.4222564358	-0.5255366704	2.040779814	2.896372624	0.1628311726	-1.055528795	-2.24688994	-0.6643226396	-0.6525360047	0.3597137388	0.69607747	1.111300939	-2.473411764	-2.617092185	-0.2547297309	0.8979145554
913.0437253364553	6.183820969658883	833648.8443762723	38.23964178479292	671.0436918008193	1.9241794936534689	450299.6363056729	3.7024667237965203	653.8974763700295	0.0657857802802937	427581.9096030933	0.004327768887087078	1.741159	28.973392	0.19404	-0.0161093566	-0.0701689179	-0.20452769329999998	0.0014664101999999999	-0.0328295994	-0.1625541617	-0.14494605619999998	0.18226914019999998	0.0237397221	-0.090457465	0.1532078858	0.0451122125	0.0652042288	0.013969916499999999	0.08803629449999999	0.2255462853	0.0441779828	-0.1024902737	-0.09712787640000001	-0.0480447392	-0.022496312999999997	0.010739055700000001	0.0442619124	0.0816675973	-0.134707843	-0.1179113865	-0.0590296629	0.077159277	0.0175750323	0.0494916156	0.10521174720000001	0.10513494039999999	0.1289908802	-0.114384234	-0.0844329317	0.016703718200000002	-0.174401831	0.1416314623	-0.050450265999999994	-0.0523378122	-0.0659848761	0.0618740319	-0.0291968625	0.0111812527	0.0012719419999999999	-0.1122988689	0.0058100645999999995	-0.0053388274	-0.0466652625	-0.0341089139	-0.0201239498	0.0446383484	-9.07884e-05	-0.1014125914	-0.0165096429	0.0343067837	-0.037549006499999996	-0.0035653265000000008	0.0171606428	-0.0172291243	-0.21327843859999998	-0.0058402831	0.0114288873	-0.0170380665	0.0820793218	0.0199890709	0.1454937592	-0.042729885999999995	-0.0151916852	0.0310751861	-0.0156694727	0.018618796200000003	-0.014315956999999999	-0.029932259300000007	0.04215187559999999	0.1448417324	0.1669858901	0.1235744726	-0.1225877445	-0.14319528310000001	-0.1147641588	0.0508762959	0.1450323041	0.24284660649999998	0.0601156475	0.0630100954	-0.0407498703	-0.0883716731	0.0945861791	0.0284341047	-0.0854856405	0.13837595390000001	0.0422489134	0.013370841299999998	0.1321664076	-0.015952749	-0.0286819954	0.059384409900000004	-0.0459961428	-0.0905951169	0.047516246500000005	0.0334439929	0.1026262917	0.08822142949999999	0.10629875359999999	-0.0504509377	0.1158053276	-0.1083293371	-0.07720474179999999	-0.0237941214	0.14643939050000002	0.1145895407	-0.0859263351	0.0779962069	0.0907308717	0.0132108522	0.0059198938	-0.1319071933	-0.0641164863	-0.1000439467	-0.0350010231	-0.0225719036	-0.0061155797	-0.1050494761	0.049030862	-0.0329561554	-0.1146063079	-0.0005199819000000001	-0.0041800909	-0.0623902154	-0.0002400077	0.0334179696	0.0190053372	-0.16797107309999998	0.0236382516	0.0741058816	0.1465705249	-0.0054182580000000004	-0.046317003499999995	-0.0105800201	-0.0709985861	-0.0685581871	-0.0275264709	-0.0124873053	-0.0941165911	0.015678323	0.009614815300000001	0.0117840996	0.0045841523	0.034870003399999995	-0.0618489175	0.0403655813	-0.0387998198	0.0439892842	-0.089024064	0.069101727	-0.0391325966	0.0034739251	0.032689825	0.0326087	-0.009629700000000005	9.27311220900001e-05	0.0010633273156899995	0.191785	0.02027799999999999	0.036781486224999986	0.0004111972839999996	-0.4461600000000001	0.06251999999999996	0.1990587456000001	0.003908750399999996	0.00702457	-0.00151612	2.2986198544000004e-06	4.93445836849e-05	-0.00036375	0.0004563109999999999	2.0821972872099988e-07	1.323140625e-07	0.000679995	5.981499999999996e-05	4.62393200025e-07	3.577834224999995e-09	0.0	0.0	0.0	0.0	0.0	0.0	0.0	0.0	0.0	0.0	0.0	0.0	0.0	0.0	1.0	2.965815072	0.265105663	-2.295609577	3.200886014	-2.408125546	0.5908518209	1.345082338	4.572406493	-1.179285184	1.368654919	-3.739710277	2.31102577	0.4033389872	0.01275886791	1.714461745	0.9830677536	0.9751237123	-0.2480267581	0.4335723939	0.5680866084	-0.8792075813	1.180097725	1.288277912	-0.599829316	-0.5287102372	-0.4837458976	0.1393008714	0.6874178596	-0.8727669182
913.5476702478757	0.5039449114203762	834569.3458153212	0.25396047374649083	670.1540603264133	-0.8896314744059737	449106.46457197797	0.7914441602537466	653.9087616064897	0.011285236460253143	427596.66850573296	0.00012735656196382695	1.3789380000000002	22.945929	0.26699365	0.0102218389	-0.0751370733	0.0052930083	-0.025169814	-0.020165603100000002	-0.033560803300000004	-0.1379336113	0.1445306208	0.04448480690000002	0.09807280089999999	0.19022031739999998	0.050882671399999996	0.0066903451	-0.062159748	0.0242690458	0.1281121293	-0.030749264199999998	0.052748389400000005	0.0133289153	0.06774630179999999	-0.0837891875	-0.0034664869	-0.017117660700000002	-0.0452863949	-0.0183926384	-0.044344456500000004	-0.0520702842	-0.0487120882	0.0408037818	-0.1664743916	-0.0668363279	0.0390721353	-0.073562709	-0.0169317156	0.1007587869	0.0675134049	0.0554662137	-0.0072072681999999985	-0.042140730700000004	-0.0485513029	0.043274248700000004	0.0053777792	0.12484876539999999	0.10928381	0.0716069508	-0.1023828323	-0.20040882170000002	0.0624563954	0.0832399887	-0.0745118025	0.0835258079	0.0270203986	0.039981470299999995	-0.05241737269999999	-0.0390418408	0.00274942	-0.1642265951	0.033254417200000004	-0.0449248227	-0.045013895400000004	0.0811314216	0.027322168799999998	-0.0672934775	-0.0059295038	-0.0329658487	0.0648563321	-0.1289897113	0.10618114710000001	-0.0267392683	0.0032278249	-0.0188148189	-0.0541413947	-0.055177156799999995	-0.0057710424	0.029959324300000006	0.0206724024	0.012504393600000002	0.002509801	-0.1352334677	-0.2345893616	-0.0839695394	0.0152519054	0.0036625234	0.1946933509	0.0499370076	0.0268633671	-0.17157922420000002	0.066817763	-0.0181961099	-0.0284285348	-0.1456869788	0.1090643076	-0.0063524028	0.1627082569	0.035037129199999996	-0.0813716495	-0.0431551881	-0.0335787107	-0.0231730124	-0.12246729390000001	-0.0363716388	-0.0258491834	-0.0246139929	-0.11821296099999999	0.005591249699999999	0.10178439619999999	-0.0120691783	-0.0218448742	0.018099224299999998	-0.0030903829	-0.064981665	-0.1072553242	-0.0123041421	-0.0054198931999999995	0.025875722599999998	-0.0812257463	-0.050897036900000005	0.021750532000000003	-0.0044036406	-0.11110711109999999	-0.0010280124000000002	-0.1111143612	0.0454427589	0.0401654681	-0.1987955673	-0.0987043893	-0.09667562910000001	0.1006336279	0.0111716053	-0.0538237687	-0.0211049677	-0.09573275740000001	0.1338165154	0.0522542775	0.025036919100000003	-0.0922100595	0.0348671339	0.018607930800000002	0.0633305304	0.044259442999999996	0.018706898200000002	0.0492011396	0.0948037005	0.023252811600000003	0.030706391800000007	0.0253965233	0.008285618100000001	0.1291247158	-0.0112696625	0.053076848499999996	0.028350304399999998	0.046196327300000006	-0.001892675	0.0418999223	-0.0895349577	0.0710021802	-0.0429019957	0.00902085	0.026075837799999998	0.0328427	0.0002339999999999981	5.4755999999999104e-08	0.0010786429432899998	0.090461	-0.10132399999999997	0.008183192521	0.010266552975999996	-0.384361	0.06179900000000005	0.147733378321	0.0038191164010000053	0.00567019	-0.0013543799999999994	1.8343451843999992e-06	3.2151054636100004e-05	0.000305981	0.000669731	4.48539612361e-07	9.362437236100001e-08	0.0006313730000000001	-4.8621999999999895e-05	3.986318651290001e-07	2.3640988839999908e-09	0.0	0.0	0.0	0.0	0.0	0.0	0.0	0.0	0.0	0.0	0.0	0.0	0.0	0.0	0.0	2.294288408	0.4256683727	-3.239088954	2.24639679	1.28217287	1.071943006	0.2362353781	3.620469452	-1.079061332	1.535762465	-0.1218938708	2.29088607	1.126477214	0.1332849085	0.5756870955	1.829754408	1.391993985	-0.2198355991	-0.06397745115	-1.149628696	-1.480004025	0.4918899505	0.9331467857	0.02709061618	0.3830281761	-1.878238937	0.0864590752	-1.535527025	-0.4743127369
911.9547654788076	-1.5929047690680136	831661.4942795071	2.5373456033196216	669.980378899403	-0.17368142701025135	448873.7081101877	0.030165238088317267	654.7301373193969	0.8213757129071837	428671.5527142764	0.6746580617537843	1.235457	20.558361	0.0628471	0.0853995315	0.0508852699	-0.0444425817	0.0249535708	0.0497404101	0.012813658600000001	-0.166225629	0.0935464669	-0.0025087527999999998	-0.0736628587	0.05386214860000002	0.043432033200000005	0.0012063127	-0.019139313300000002	-0.0582529235	0.1281273189	-0.07288113780000001	0.030623891099999998	-0.07531527219999999	0.118750853	0.023766512799999997	0.0095689364	-0.0379394792	0.0152408396	-0.0389184916	0.08934055630000001	-0.050168236500000005	-0.05813809690000001	0.0628913955	-0.053291180099999995	-0.0489518946	-0.0142528753	0.0228748985	-0.065822746	0.0518671312	-0.0337723663	0.032613840899999996	-0.000666646	-0.0173755654	-0.077544334	0.1192064044	0.0192494406	0.0748069981	-0.0999540948	-0.1174845851	-0.0167632973	-0.0115990854	0.047441548099999994	-0.010650466599999998	-0.07498386110000001	-0.0795240208	0.0316950855	0.0445820901	0.0223869942	0.0650265138	-0.0726857446	0.056308019699999996	0.0134620118	0.015014503200000001	0.0176617932	-0.0396871823	-0.08593744390000001	-0.014316777900000001	0.015620893600000001	-0.013583726	-0.0914049856	0.1360095483	0.033915699300000005	-0.166507982	0.09794182480000001	-0.0470752986	-0.0760471435	0.1213263741	-0.0271324267	-0.09497103960000004	0.09931398539999996	0.0497545518	-0.0411739103	-0.0890111034	-0.1315199931	-0.0248973831	0.0207688993	-0.0288268228	0.1791510002	0.0170297742	0.0008646128999999999	0.0412279262	-0.0189775752	0.0032833095	-0.0548033937	-0.0570685096	0.1596476074	0.11298013380000001	0.1127962369	0.006082691800000001	-0.05914764700000001	0.0566937729	-0.0028496790000000004	-0.0215424097	-0.052570945300000005	-0.0007039491000000001	-0.0160930445	0.006717870799999999	-0.0793965455	-0.0479364318	-0.080506538	-0.081061226	-0.025309580499999998	-0.0565607303	0.04628840769999999	-0.0165890922	-0.054942196799999996	0.0776506455	-0.0246077031	0.06707379320000001	-0.08964036449999999	0.0351220991	0.0339612995	0.0072297397	0.0751555808	0.04686319110000002	-0.074940836	-0.0367123329	0.0416765131	0.0272586248	-0.0330314688	-0.0357776388	0.0607747164	-0.007147278199999998	0.0467496565	-0.0702117339	0.0202578996	-0.04599404940000002	-0.010005730400000001	0.0438033468	-0.0097054188	0.0655698668	-0.0866678152	0.0345095635	0.0683697691	-0.0025203657	-0.0232683707	-0.11860032570000001	-0.0954579652	-0.1095848551	-0.013341874299999999	-0.0429609582	-0.0789740413	0.11432140880000001	0.029334825	0.030906830099999998	-0.012796306399999999	-0.1374852624	-0.12896041619999998	-0.0900270856	0.0728431108	-0.046590479299999994	0.0145375318	0.0193252763	0.0329267	8.400000000000074e-05	7.056000000000125e-09	0.0010841675728899998	0.0906961	0.000235100000000002	0.00822578255521	5.527201000000093e-08	-0.371051	0.013309999999999987	0.13767884460100002	0.0001771560999999997	0.00490448	-0.0007657100000000003	5.863118041000002e-07	2.40539240704e-05	0.000471748	0.00016576700000000004	2.7478698289000012e-08	2.22546175504e-07	0.0006842560000000001	5.288299999999999e-05	4.682062735360001e-07	2.796611688999999e-09	0.0	0.0	0.0	0.0	0.0	0.0	0.0	0.0	0.0	0.0	0.0	0.0	0.0	0.0	0.0	2.515676555	0.6784908143	-1.808211267	3.202439242	-1.336585468	1.686615456	0.832587404	2.433469609	0.8506278528	1.462890455	-1.177368173	1.407415906	1.278844433	0.118950178	0.1048510869	1.049684878	1.893597242	0.2974233842	0.1328289078	-1.221221913	-2.588083747	-1.016570065	0.5002898922	-0.6486943304	-0.3156569821	-1.486904767	1.325547971	0.6508174278	0.709849788
916.6338318110741	4.679066332266416	840217.5816206525	21.893661741749092	671.1426905354309	1.1623116360278798	450432.5110591372	1.3509683392458072	654.9466418825143	0.21650456311738253	428955.10371318244	0.04687422585064868	1.218206	20.271294	0.03928555000000007	-0.0464952226	-0.12326358400000001	-0.0629338673	0.0654506261	0.08864253039999999	-0.1503693449	-0.0613572208	0.0882875998	0.0775967871	0.0312899513	0.0439966281	-0.0074813667	0.0591642305	-0.0346485529	0.0396017467	0.1149118242	-0.002151471	0.045066146200000004	-0.0203319883	0.1423617227	-0.0247023762	0.0432980082	0.0406542622	-0.0800587192	-0.0431523379	0.0690655434	-0.0748775119	0.0087288502	-0.0736488592	0.035246739	-0.0941383494	0.015155044599999999	-0.0323500414	0.1114862459	-0.005529132900000001	0.0493609167	-0.0208625959	-0.0203115752	-0.0210590627	0.02659541	0.0565013634	-0.0066662352000000005	-0.0388812368	0.0560369561	0.0177062165	-0.0198154632	-0.0437819916	-0.1708856993	-0.0359225216	0.0923891449	-0.05941292400000001	0.0706075563	0.017289368899999998	0.0656158175	0.0118393592	-0.0007451405	-0.0444658472	0.033969318	-0.0388588696	-0.12034707720000001	-0.0812988332	0.0425299473	-0.0212986558	0.0397583669	-0.0313251888	0.0133432824	0.0014981529	0.029851942000000006	0.0653568683	0.0409291407	0.027089236800000003	0.050616157599999996	0.1002847078	-0.0285021463	0.1340055482	0.0238866749	0.045458994800000006	-0.0154566248	-0.1484563575	-0.0479942296	-0.023622658900000003	0.0881500569	0.1267755583	0.13815871289999998	-0.0061279238	0.07726822629999999	-0.0639619498	-0.014238278	0.060883634299999996	0.022639858	-0.049620318899999995	0.0589257683	0.0643393854	0.10271117810000001	0.0590886302	-0.0968129683	0.0191416979	-0.1029442775	0.08055124450000001	0.025255422200000002	-0.0047056882000000005	-0.0331115318	0.0298670098	0.0245924348	0.09162397439999999	-0.010881196899999999	-0.0415662387	-0.0109950216	0.0544985554	-0.0055686512	-0.0425058735	-0.00700507	-0.0133450771	0.0022416788000000003	-0.0975742692	-0.0167216429	-0.0480537181	-0.06658388679999999	-0.0378302455	-0.0180740783	-0.023099778900000003	-0.0441554892	0.0786758556	0.0696856316	0.0319334056	0.06186812570000001	-0.0017367906	-0.1146222323	-0.0795850281	-0.12332282509999999	0.0269409595	0.0499458486	-0.0240035721	0.0969308105	0.0350694202	0.0745132616	0.0539052071	-0.0818546283	-0.0045697614000000004	0.0006646258	0.014666514399999999	0.0652574364	-0.0624927089	0.1117949148	-0.045302133	0.0190662607	0.033721424	0.012415155700000001	-0.0631999548	0.0306009598	0.029723924900000007	-0.014316203500000001	0.0638699432	0.0228660975	-0.09050034470000001	0.0746229756	-0.0501910907	0.0200054754	0.0124734972	0.0258346	-0.007092099999999997	5.029788240999996e-05	0.0006674265571599999	0.0985137	0.007817599999999994	0.00970494908769	6.11148697599999e-05	-0.369322	0.0017290000000000358	0.136398739684	2.989441000000125e-06	0.00473252	-0.00017196000000000052	2.957024160000018e-08	2.2396745550399995e-05	0.000217462	-0.00025428600000000005	6.466136979600003e-08	4.7289721444e-08	0.000657565	-2.6691000000000023e-05	4.323917292250001e-07	7.124094810000012e-10	0.0	0.0	0.0	0.0	0.0	0.0	0.0	0.0	0.0	0.0	0.0	0.0	0.0	0.0	0.0	2.394926615	0.4101126546	-2.172417281	2.711763435	0.2026042619	-0.9756937091	0.3625744098	2.439589763	-0.5660069864	0.2768037688	-0.9367863708	1.798660198	0.2698917352	-0.700879091	2.119618976	1.540385744	1.572023275	0.9349477128	-0.3863192718	0.3449045889	0.5896566704	1.240321214	0.1292942513	0.712934034	-0.4635509519	-0.9208014895	-0.7117880523	0.5725458534	-0.8189999105
916.6843872135083	0.050555402434270036	840310.2657610051	0.0025558487152909965	670.4030989991724	-0.7395915362585583	449440.3151476941	0.5469956405052944	656.0737239306867	1.127082048172383	430432.7312322789	1.2703139433124542	1.326284	22.069754	0.1090454	0.0468499158	0.007555917	-0.056844247199999996	0.151927224	0.0543212763	-0.0047354028	-0.11036335109999999	0.074741445	-0.0577667806	0.0254151605	0.0602165129	0.0668396491	0.055916814599999996	-0.07220746389999999	0.0221937446	0.0090560629	-0.0198195241	0.027630095499999997	-0.18605081850000002	0.10408639630000001	0.013856685	0.0201956561	0.020404004099999998	-0.0742985154	0.10436320710000001	0.05725908	-0.011521938899999999	-0.0568401589	0.0058574226	-0.0443628786	-0.0798545682	0.030456549399999998	0.0444722485	-0.053415320999999995	-0.0030631643	0.1022165216	-0.0398596616	0.0513193023	0.102735516	0.0472231912	0.1411071894	0.0464157406	-0.0438277926	-0.09259084390000001	0.0686411559	0.1725369882	-0.017156256499999998	-0.0266437904	0.09074184619999999	0.0735293707	-0.057378195300000004	-0.0809484643	0.074622441	0.033952516	-0.1283757341	0.0013832774	-0.0380343575	-0.0375147546	0.0054330349	0.0211902431	0.0273822916	-0.0265745184	0.0581199433	0.0986013317	0.0875376324	-0.0905529192	-0.0086084235	0.022951154100000003	0.0399241672	-0.0630476132	0.1099935783	0.035786079500000005	-0.0163893874	-0.0401118761	-0.0692537209	-0.015626767	0.112276545	-0.0056669897	-0.1338556799	-0.028017678100000002	0.066422131	0.0713794465	-0.0156278677	0.1237963546	0.0558533726	-0.0490191908	-0.0690287142	-0.0083905427	0.0388915734	-0.0756984317	-0.0385495662	0.0572850418	0.094498998	0.061376552	0.095833032	0.0312794707	0.0314079694	-0.08029610940000001	0.0339697327	0.0560745822	-0.0028637021	-0.09004663560000001	-0.0122762429	-0.0537760926	0.0064342261	-0.0130813194	-0.0321473627	0.036977115	0.0012778471	-0.006358166	-0.0220217546	0.10540926390000001	-0.13494118119999998	-0.0298946481	-0.1042330232	-0.09655517949999999	0.0456017881	0.079063278	0.1001193757	-0.0025966625	0.06787823429999999	0.022496099	0.0774619493	-0.0037854071	0.0207771964	-0.0229842802	0.11801046960000001	0.0271566753	-0.1300207749	0.0751763487	0.0600252455	0.0372279099	0.0305418566	0.0125493727	0.11349341730000001	0.0900632993	-0.1108644071	-0.058881429699999994	0.023422816000000003	-0.0576198743	0.0081057939	-0.0222231498	-0.0634821269	-0.10102283	0.0095781348	-0.035958117799999995	0.0005833329	0.0027847932	-0.025097435	-0.1128821888	0.0086586064	-0.11029276789999999	0.1245779691	-0.032140568599999995	-0.09095463570000001	0.0763402824	-0.0536970388	0.025406349100000003	0.0055563871999999995	0.027077	0.0012423999999999975	1.5435577599999945e-06	0.0007331639289999999	0.0475742	-0.0509395	0.00226330450564	0.00259483266025	-0.340618	0.028704000000000007	0.11602062192399998	0.0008239196160000005	0.00449949	-0.00023302999999999952	5.4302980899999784e-08	2.02454102601e-05	0.0005026869999999999	0.00028522499999999995	8.135330062499998e-08	2.5269421996899995e-07	0.00061263	-4.493500000000007e-05	3.753155169e-07	2.0191542250000063e-09	0.0	0.0	0.0	0.0	0.0	0.0	0.0	0.0	0.0	0.0	0.0	0.0	0.0	0.0	0.0	2.394767007	0.6733966842	-2.140830592	2.486543642	-0.3978543829	1.659735481	1.608540069	1.90002447	0.7278906103	1.868310727	-2.291373268	1.088575627	2.477810481	1.301219537	0.2814993741	0.7420005947	1.934973763	0.3175651757	0.1484830954	-0.9174921914	-1.189979921	-0.4622289489	0.3998096789	-0.3768945366	-0.8249002315	-1.095523128	1.479929977	-0.8419243205	-1.044266633
911.9836417416568	-4.700745471851519	831714.1628043746	22.09700799113256	669.5247261414053	-0.87837285776709	448263.3589147237	0.7715388772619245	654.3503762581607	-1.7233476725259609	428174.41490919655	2.9699272004006456	1.19416	19.871170000000006	0.06873474999999997	-0.031418548399999996	-0.0476088499	-0.018452059	0.0339208014	0.1279307489	0.0223860384	-0.1248983848	0.0473562118	0.1039556136	0.0067898611999999995	0.046613724599999996	-0.0224119166	-0.07162282730000001	-0.0542339763	0.0307575302	0.029592809900000006	0.013840583899999998	0.0019823736999999998	-0.025192504900000003	0.1363406248	0.0013079633	-0.0354478395	-0.0230164179	-0.0445113675	0.077589264	-0.014887661799999997	0.0010036736	0.05974922780000001	-0.0618029243	-0.0391969343	-0.0877133468	0.013962763999999999	0.001674764	0.056488987000000004	0.0260737981	0.027068767799999997	-0.0863813299	0.0318553344	-0.051201894299999995	0.0791991346	-0.025038868	0.1160670181	0.0191684013	-0.0772133837	-0.04281361980000002	0.0169040274	-0.0279858667	-0.11024303	0.10771757439999999	-0.0068555484	0.0042151626	-0.0805322106	-0.044073348600000006	0.1346717379	-0.0186870458	0.057007206399999996	0.0718909678	0.0122136336	0.015173121299999997	0.0139223721	-0.081210771	0.1284220035	0.007559140799999998	0.0167934055	0.0134010173	-0.09194021990000001	-0.0108948098	-0.060538681799999994	0.0208938733	0.030143709900000006	0.0435849283	0.0214460822	0.0178400828	-0.0026000666	0.0267968556	0.063265055	-0.0393334074	0.0098888953	-0.0923289624	-0.0945661708	0.0913038064	-0.000947615	-0.059506695400000004	0.1349120215	-0.045723580199999996	0.08174819400000001	-0.0096569878	0.0890889552	0.010080592099999999	-0.0045539089000000005	-0.027113957200000004	0.048821747	0.045315535	0.039169821	0.0065327334	-0.0675820074	0.044530624000000005	-0.04723028889999999	0.017529479299999998	0.0637692024	-0.0767982448	-0.1055414953	0.038234757700000004	-0.010514866000000001	0.07360286049999999	0.050287087300000005	0.0329309447	-0.052285395400000004	-0.0006159246	0.1107373478	0.0452953388	0.036486151	0.0104883641	-0.06425734849999999	-0.0041288625	-0.010851763899999999	0.0254228272	0.076672702	-0.0651883607	-0.0757632292	0.061252761100000004	0.1215336901	0.0518205251	0.08742294490000001	0.0705568947	-0.0890698681	-0.029925369900000002	-0.043522163899999994	-0.0518790735	0.0504493562	0.0345633262	0.0615396451	-0.1169301676	0.0429590945	0.0414541054	0.0265630622	0.00853222	0.004639875	-0.0435272288	-0.0730455587	0.0858451514	0.059488085999999996	-0.14875587769999998	0.0213422396	0.047794964100000004	0.0164176996	-0.0953137383	-0.0026577823999999997	-0.1170712632	-0.0194905291	0.08763631529999999	-0.0023440529	0.0134995676	-0.05359776	-0.0913898634	0.0779935916	-0.0571017114	0.030722046	-0.0013898248999999999	0.0222291	-0.0048479	2.3502134409999992e-05	0.0004941328868099999	0.0556717	0.008097499999999999	0.00309933818089	6.556950625e-05	-0.372812	-0.032194	0.13898878734399994	0.001036453636	0.00436318	-0.00013630999999999973	1.8580416099999927e-08	1.9037339712400006e-05	0.0008126519999999998	0.00030996499999999983	9.607830122499988e-08	6.604032731039996e-07	0.000638262	2.563200000000004e-05	4.07378380644e-07	6.569994240000023e-10	0.0	0.0	0.0	0.0	0.0	0.0	0.0	0.0	0.0	0.0	0.0	0.0	0.0	0.0	0.0	2.233512229	1.054254368	-1.926076892	2.928621239	0.5333521462	0.5245511622	1.90315293	1.960581201	-0.5380502587	1.176483093	0.2554441181	2.099205522	0.8857815048	-0.4339421845	0.1647025676	1.896330594	2.419712018	0.5360394405	-0.583398633	-1.249220411	-0.5931487335	-1.038301792	-0.9036595789	-1.057560947	0.08524909918	0.2807666906	0.5161578764	0.3943279291	-0.07931308995
916.1913842699761	4.2077425283192715	839406.652610535	17.705097184626666	670.8411170052877	1.316390863882475	450027.80426490214	1.732884906513249	654.0907334705921	-0.25964278756862313	427834.6876120972	0.06741437713640516	1.16133	19.324869	0.1029203	0.034437743	-0.1084543765	-0.10212223320000001	0.0594490899	0.014477418799999999	-0.1329350791	-0.0803208377	-0.0084250268	-0.0225739084	-0.0061846674	0.0523999202	0.07587167339999999	0.0408232327	0.0679385195	0.0803290109	0.08495777859999999	0.0939752533	-0.1018648277	-0.024183259199999998	0.0986869794	-0.0619807005	0.0411504093	-0.0429950946	0.0176543577	0.0546153285	-0.046157489100000004	0.0765917226	0.1035694695	-0.0642493879	0.0302001326	-0.1047526266	-0.04687767809999999	0.20419756	0.040340370800000004	0.0440003038	0.0103365236	-0.08562029550000001	0.0144939356	-0.045065956100000006	0.036216457	0.18832616079999998	-0.0899423733	-0.1052131816	-0.007444289399999998	0.0040935436	0.057168672000000004	-0.0664821043	0.09404104960000001	0.0340219766	0.1034819729	-0.0356047243	0.0036704484000000003	0.0654823463	0.025046974399999998	0.1077375034	-0.0236688675	0.0063268295	0.0963003734	-0.0057593276	0.0709870295	-0.07407971320000001	-0.09485301199999999	-0.0282820652	-0.022587921	-0.013463252	0.055880759800000006	0.0191214732	-0.09182702529999999	0.0065144832	-0.004614402	0.0923715758	-0.0484449737	0.0584254509	-0.114900381	0.05829252400000001	0.0017949254	0.08681581890000001	0.0748656795	-0.0162620303	-0.0025935585	0.019385965800000002	-0.043706898499999994	0.1022675599	0.1055227108	-0.0507435879	-0.024820274399999998	-0.046686562300000005	-0.1201418623	0.0267767164	0.0108014195	-0.08774285970000001	0.040795563	0.0169869281	-0.0317876363	0.0257099303	-0.0729374992	-0.0335079102	0.0175822123	0.0441892253	0.0649276258	-0.1240155341	-0.0565217367	0.0089576324	-0.0171511025	0.14705778490000002	-0.0582422723	0.0414655699	0.14541803	0.0405682606	0.1315379844	-0.0291731045	0.046973107300000004	-0.17112007899999998	-0.0702796788	0.0377831409	0.07506369980000001	-0.030418090800000002	-0.0462908451	-0.012869338700000002	0.0123275406	-0.0082301761	-0.0326122893	0.0501457106	-0.06865493	-0.010087869000000001	0.0502736768	0.0900180914	0.0467160733	-0.10018643630000001	0.07810360820000001	0.11022067390000001	-0.011092803799999999	0.12782114320000001	0.022197963199999997	0.0010583429	-0.0355545997	0.09575329140000001	-0.055514885199999996	-0.1114585131	0.0073993331999999985	-0.0558020086	-0.0604595059	0.0108343375	0.1484750051	-0.0685982243	-0.08081838549999999	-0.0133551722	-0.043468777800000004	-0.00045206580000000003	0.0240193623	0.0436327736	-0.0414384646	-0.0750632572	-0.070739433	-0.0918059366	0.0795815172	-0.06039868690000001	0.0359347449	-0.0083287577	0.032891000000000004	0.010661900000000005	0.00011367611161000012	0.0010818178810000005	0.09903890000000004	0.043367200000000036	0.009808703713210009	0.0018807140358400038	-0.361722	0.011089999999999987	0.130842805284	0.00012298809999999974	0.00396145	-0.0004017300000000003	1.6138699290000026e-07	1.56930861025e-05	0.000473568	-0.0003390839999999997	1.1497795905599985e-07	2.2426665062399997e-07	0.000653472	1.5209999999999985e-05	4.2702565478400003e-07	2.3134409999999957e-10	0.0	0.0	0.0	0.0	0.0	0.0	0.0	0.0	0.0	0.0	0.0	0.0	0.0	0.0	0.0	2.460652416	1.08306277	-1.885170447	2.726712756	-0.9329411346	-0.2651546861	1.489756149	1.818943011	-0.5267158175	0.6803475227	-2.439445854	1.754687194	2.430909987	1.545408673	1.912840828	2.083260376	0.448543162	1.325058907	-0.820577056	0.04483327004	-0.7328096151	0.3037626518	0.2402046529	0.1118412715	-0.9550759437	0.4739145666	0.09941396388	-0.4972931054	0.09938913338
912.8765531318772	-3.314831138098839	833343.601257937	10.988105474109645	670.2883044735986	-0.5528125316891419	449286.4111140917	0.3056016951925585	653.3471359270291	-0.7435975435630553	426862.4800240518	0.5529373067930099	1.32747	22.089487	0.12883604999999998	-0.0375311739	0.09871403880000001	-0.0741223508	-0.0952620131	-0.0264444273	0.0292535798	-0.0252363096	0.058400723099999996	0.0269738855	-0.0767499308	0.0520706744	0.1344424007	-0.061972828	-0.0298679672	-0.0028417171999999997	-0.0157901782	0.0198031717	-0.0467985076	-0.0011521203	0.0285523044	-0.0017664652	-0.0817356448	-0.0952005024	-0.06208985440000001	0.07340759349999999	0.04967373059999999	0.13442480699999998	-0.0005080303	0.0154163982	-0.0136913427	-0.055882075	-0.0940617082	-0.1484980842	-0.0393075612	-0.0969578215	0.0367476941	0.0319249596	-0.027241249199999998	0.08155047929999999	0.04554067059999999	-0.0101346387	0.06642905269999999	-0.0823793709	0.0350092682	0.0789939483	-0.009531926	0.0379089249	0.06824129129999999	-0.0576029713	0.0188404142	0.0208367835	0.1526970339	0.0728153335	-0.0191301838	-0.0728739608	-0.0714575249	0.1942471839	0.1340077766	0.059249499500000004	0.082754535	0.1391380617	4.76905e-05	0.0045658664	0.044022408799999996	-0.0047428205	0.0085209559	-0.0095878546	-0.027420119399999998	0.0190306509	-0.0964105118	-0.007894634000000001	-0.0286242877	-0.0039011059	0.0648434022	-0.046740417199999995	0.06948084139999999	0.04957130480000002	0.0254198277	0.0961332525	-0.1246274726	-0.001302347	-0.059708541799999994	-0.022149323500000002	0.044206794	0.0162416851	0.0612865178	0.0453739472	-0.028997982599999996	0.0013221917000000001	-0.140970234	-0.082041339	0.017867356	-0.0030296788	-0.0948050693	-0.0029175756	-0.0185186275	0.043360908499999996	0.0273958435	0.033184505499999996	-0.0368592751	-0.1381845779	-0.0684460354	-0.11044159199999999	0.0174774743	-0.0361295455	0.053833295499999996	-0.1210814999	0.053830903	0.0558579858	-0.04779457980000002	-0.013318738	-0.0014738982999999998	-0.0247691573	0.0887438631	-0.036013258199999995	0.0362856134	0.0269497213	-0.0261998788	0.0757412975	-0.0066108266	0.0496832174	0.0612761246	-0.0018232544	-0.0434863806	-0.0317654874	0.1104985101	-0.07005454559999999	0.0336055771	-0.083416078	0.0882950076	-0.1431509936	0.11539711279999999	-0.0637059451	0.0801779328	-0.0963416409	-0.1261190685	-0.1633891082	-0.0102467549	-0.10873011789999999	0.0596126483	-0.08049650480000001	0.0117724751	0.0028863054999999998	0.06712473769999999	0.0773848347	0.0133169069	-0.0081597194	-0.0224314489	0.0558357246	0.0392647394	0.035203607799999995	0.0234195562	-0.02170262	0.0414916758	-0.09220276820000001	0.081102728	-0.0635817472	0.0410269697	-0.0152240679	0.0330682	0.00017719999999999542	3.139983999999838e-08	0.00109350585124	0.0689453	-0.030093600000000036	0.00475345439209	0.0009056247609600023	-0.317282	0.04443999999999998	0.10066786752399999	0.001974913599999998	0.00334349	-0.0006179599999999999	3.818745615999999e-07	1.1178925380100003e-05	0.000882466	0.000408898	1.6719757440400007e-07	7.78746241156e-07	0.000597825	-5.5647000000000025e-05	3.573947306249999e-07	3.0965886090000033e-09	0.0	0.0	0.0	0.0	0.0	0.0	0.0	0.0	0.0	0.0	0.0	0.0	0.0	0.0	0.0	2.092987136	0.9360809882	-2.258386453	1.955430713	1.00461592	0.8947396827	0.3693025163	1.210598329	-0.4896250372	1.33225137	-0.567832594	1.782257483	0.7041343227	1.174810479	0.05691755115	-1.236190321	0.5533587191	0.05738513378	1.323490901	-1.014976809	-0.2039856869	-0.3538519764	-0.01775040095	-1.6540911	-0.6605505088	0.175365304	0.9139046645	-0.9355848544	-0.5233917322
911.1385063770006	-1.7380467548766774	830173.3778029114	3.020806522137349	669.1794833122016	-1.1088211613970316	447801.1808859851	1.2294843679618621	652.4396288344785	-0.9075070925505316	425677.4692736721	0.823569123029519	1.352229	22.501472	0.070494	0.1018503169	-0.0874300953	0.06328789230000001	-0.1276964126	-0.0937281668	0.0006020124	-0.1314858083	-0.0676909255	0.0350941633	0.04811885	0.0887827234	0.054945859400000005	-0.0695255948	0.0960555205	-0.0260008691	0.0326035284	-0.051263994400000006	-0.021811855	0.0243288533	-0.0286190218	-0.055470570999999996	-0.009158056	-0.0092426065	-0.0021654918	0.0655540543	0.0162359643	0.047704379000000005	0.000239011	0.061882796	-0.0460693855	-0.0081675008	-0.012480931499999999	-0.026733942200000003	-0.0145214076	0.0291685298	0.0404273193	0.0712937324	-0.0566575137	-0.0022284099	0.066996267	0.11812468960000001	0.07672119320000001	-0.0178199575	-0.0075293862	-0.030796392000000002	0.0724680689	0.012125436399999998	0.04578536	0.049700113399999996	0.0598207554	-0.0145242431	-0.0528272408	-0.0246701669	-0.081446367	-0.05554883309999999	0.0861918676	-0.0484333471	-0.0966353443	-0.127795099	0.0538597824	0.0001885984	0.0074865988	0.0126784661	0.0051435534000000005	0.09155745900000001	0.0902659228	-0.024871324900000002	-0.0575816225	0.043691012599999995	0.0123505827	-0.1650024867	0.0987543924	0.0665677553	-0.101381969	0.0028812490000000002	0.008325022900000001	-0.1023506015	0.032187713	0.049447156500000006	-0.1223334591	-0.1289735518	-0.03761606	-0.0491624775	0.11162802990000001	-0.1089752013	-0.024806921699999998	-0.06397021480000001	-0.0174241841	-0.1310360831	0.011926744	-0.0751591388	0.0372519356	-0.0193066369	0.009362150500000001	-0.028430170699999997	-0.020317506699999998	-0.0387540257	0.0272597131	-0.026746216200000002	-0.0274409325	-0.0244924091	-0.035292307599999996	-0.08638549710000001	-0.003820375	-0.0574198546	0.0628883026	-0.0335349629	0.023538543999999998	0.0288222773	0.041229475	-0.06567682	0.010164925200000001	-0.0207753437	-0.0913090107	-0.0157595766	-0.0232149952	0.015588427	0.0510170831	-0.0258901861	0.0546638724	0.0821073357	0.016332931499999998	0.0461593411	-0.10643485609999999	-0.0196828093	0.0397944358	0.1393641951	0.0073935777	-0.0518302771	-0.053527334100000004	0.0417272218	0.0075299703	0.0349413052	-0.0764539253	0.0189073423	-0.006336669200000001	0.0021762162	0.005384012099999999	0.0010269422	0.0005283581	0.0411856481	0.08415208519999999	-0.0026779239000000003	-0.0502734683	-0.0275616744	0.12108555300000001	-0.0415850739	0.07574530759999999	-0.081235984	-0.025450184900000002	-0.0897369252	-0.030343008900000006	-0.005699168199999999	0.0158497035	-0.0925802748	0.0825559488	-0.0666448887	0.0459816484	-0.022039640899999997	0.0355365	0.0024683	6.092504889999999e-06	0.0012628428322500002	0.0969422	0.0279969	0.00939779014084	0.0007838264096100003	-0.326011	-0.008728999999999987	0.106283172121	7.619544099999977e-05	0.00306083	-0.00028266000000000017	7.989667560000008e-08	9.3686802889e-06	0.000622892	-0.00025957400000000005	6.737866147600004e-08	3.8799444366399997e-07	0.000681587	8.376200000000003e-05	4.6456083856899994e-07	7.0160726440000055e-09	0.0	0.0	0.0	0.0	0.0	0.0	0.0	0.0	0.0	0.0	0.0	0.0	0.0	0.0	0.0	2.299819888	1.413971294	-1.222688074	2.052532528	-0.397338755	0.7265686505	0.7079389913	0.8328572566	-1.676700398	1.350694662	-0.3987770763	2.592017814	1.429861793	-0.1251965172	-0.1644105384	1.890502968	1.825791293	0.8013954934	-0.9321819335	-0.6170952308	-2.597235401	0.3574581409	-0.5809738992	0.8825886472	-1.463106322	-1.876808241	-0.04079123323	0.7894515556	-0.07713654393
915.5121630761568	4.373656699156186	838162.5207403834	19.128872922073786	670.8299226318251	1.6504393196235014	450012.7850982204	2.7239499477592863	653.2344434739515	0.7948146394729747	426715.2381407232	0.6317303111205548	1.40361	23.356474	0.05830269999999998	0.0097821907	0.0373514373	-0.0857835527	-0.028760121899999998	-0.033508487999999996	-0.050399501799999996	-0.00298442	0.0488194736	0.0011992572	-0.0321028624	-0.0015835119	0.1254051974	0.0527688443	-0.0061631161	-0.0457959171	0.0733622452	-0.0678271673	0.0063962825	-0.0474229759	-0.0101333515	0.0851025124	0.0247525606	-0.0217149588	0.08490160470000001	0.008234985	-0.0165292769	0.0242093377	-0.0423520368	0.0200168238	-0.0019747835999999997	-0.0585996379	-0.056047546399999995	-0.1444713527	0.0225922904	0.0025857756	-0.0646440984	0.10148946619999999	-0.0746411896	-0.0416184275	0.0134109518	0.0450143238	-0.03662485	0.0397533102	0.0372634191	0.0278130786	0.062806334	0.0335880944	-0.0057468876	-0.0453266592	0.0239579017	0.0444411033	-0.019083491100000002	-0.0037163222	-0.0388001006	-0.012295722700000001	0.107314466	0.040102592	-0.0377934571	-0.031425826000000004	-0.04851299059999999	7.8662e-06	0.0611520187	0.033937595200000004	0.0790953577	-0.046932466900000004	-0.031268783599999996	0.1066228682	-0.0035490172	-0.0170834479	0.0005069394	0.0661412649	0.099816535	-0.0243400122	0.0102991064	0.0121093484	0.0388542964	0.1040260607	-0.0417571867	0.043281312599999996	-0.0042620227000000005	-0.080924069	0.050202393399999996	0.0509929167	0.0322819231	0.0255526537	0.0168695777	-0.0173126388	-0.097257157	0.0281784654	-0.0767679173	-0.0225636474	0.1192481055	0.0633200376	0.046008347000000005	-0.033142890099999996	0.042237060300000004	0.0469015639	0.0765525042	-0.0617559299	0.0120537618	-0.013655897299999999	0.0278701967	-0.0495373279	0.0126750605	-0.0852458785	0.0892513184	-0.07850990440000001	0.030549493599999998	-0.0059192624	-0.0425589773	-0.029163023399999998	-0.0663422881	0.0730708073	-0.0752907347	-0.025363568599999997	-0.0545535112	-0.0826153489	-0.0096603065	0.053525652300000004	0.0072831822	0.012092378899999999	0.050699584299999996	-0.0578035207	0.0026793587	-0.0712284849	0.0220693613	0.054289188499999995	-0.08232313200000001	0.0372646607	-0.0674204273	-0.0354732284	-0.0005709536	0.0246302618	0.0324176608	-0.037659562	0.021040450099999997	-0.0159034331	0.0452919721	-0.0371100661	-0.07488445099999999	0.07150562049999999	-0.045628465	-0.0207556014	-0.0476755043	-0.0776803137	-0.045159342400000003	0.1295181081	-0.070994458	0.0174677504	0.0209107361	0.0347401796	0.0406447999	0.0248791306	-0.050790080700000004	-0.0929383775	0.0839399613	-0.0695823342	0.05078217	-0.028739779500000007	0.0389352	0.0033986999999999976	1.1551161689999985e-05	0.0015159497990399995	0.115588	0.018645800000000004	0.013360585744000002	0.0003476658576400001	-0.307769	0.01824199999999998	0.094721757361	0.0003327705639999993	0.00301996	-4.087000000000014e-05	1.6703569000000116e-09	9.1201584016e-06	0.000909342	0.00028644999999999994	8.205360249999996e-08	8.269028729639998e-07	0.000648583	-3.3004e-05	4.20659907889e-07	1.0892640159999998e-09	0.0	0.0	0.0	0.0	0.0	0.0	0.0	0.0	0.0	0.0	0.0	0.0	0.0	0.0	0.0	2.11220939	0.9351803687	-2.291721974	2.206034905	0.3126510927	-0.2227221228	-0.4382915457	0.6748859158	1.832264032	0.5140841262	-1.013680469	0.583324504	0.8196618307	0.8279602817	0.4275454629	-0.6071935014	-0.03321305084	0.2215681456	0.7121552285	-0.1405672797	-0.7482955017	1.146495052	0.4913681065	-0.1858120766	-0.7057496243	-0.6320793578	0.1011031981	-1.407653482	-0.5001343717
913.5689397950804	-1.9432232810763708	834608.2077583072	3.776116720117216	670.0969963251032	-0.7329263067218791	449029.98448392533	0.5371809710849739	653.2906388859492	0.056195411997691735	426788.6588560117	0.0031579243295903163	1.196871	19.916273	0.028492899999999995	-0.0436222914	-0.047594584599999996	0.0658472831	-0.0383108123	0.1311942086	0.0321480914	-0.0068105922999999995	0.02370495	0.06329645769999999	0.06051695360000001	0.057619175599999996	0.025776880699999997	-0.0330241181	0.0020391653	-0.0018590494000000001	-0.059289822199999995	-0.011872309099999999	0.0491127078	0.0201684952	0.0305445413	0.058138454400000004	-0.0128014751	0.0741904727	0.0206366383	0.0564064228	-0.055265403399999996	-0.0031347113	-0.0480630062	0.0356558815	0.0075746656999999985	-0.0462727633	-0.0874780883	-0.1130693458	0.035404907299999996	-0.0401671038	0.0383126483	0.0591842221	-0.0851254988	-0.0336973333	-0.0233051998	0.0790264495	-0.0562334554	-0.0707828878	0.042372030899999996	-0.0233896429	-0.09096313460000001	-0.0590078762	0.024153583399999998	-0.0806109818	-0.0064846795999999995	0.0908652267	-0.08617431689999999	0.0062828691	-0.0210611005	-0.10321880859999999	-0.0355794983	-0.019780713000000002	0.0355659245	-0.0103034571	0.0173229386	0.0026615640000000004	-0.0719581451	-0.0064842463000000005	-0.0158695513	-0.0473062536	0.018187226100000002	-0.055565055499999995	0.0133095621	0.0009398546	-0.0666244639	0.0917823739	0.068933726	0.0105681419	0.0271599961	0.0373582152	-0.0100586589	-0.0772406434	-0.0026498775	0.007406308199999999	-0.10025136400000001	0.0624374797	0.0476171418	-0.0367145511	0.0121324133	0.013288803	0.0595597615	-0.0745821794	0.023891367900000002	-0.0389539182	-0.0509011318	0.0063708716	-0.0197388152	-0.0132585233	-0.0029069161	-0.013915809599999999	-0.013894308400000001	0.021705014100000003	-0.0497049168	-0.052376681900000006	0.0162782884	-0.025893314100000002	0.0405698974	-0.0186519078	0.021730130299999997	-0.0485727163	0.07937216679999999	0.0104698454	0.0999222628	0.0683143459	0.05373308139999999	-0.0320573526	-0.0338669868	0.0477067471	0.009034045899999999	-0.051981743399999995	-0.0223473963	-0.023027231000000002	-0.0020824436	0.10864580380000001	0.0018366392999999998	0.0349012708	-0.0969050666	-0.0076011063	-0.0095215743	-0.1743694877	-0.0196778559	0.050112970199999995	-0.0955132178	0.0448932608	0.007625534399999998	-0.0168782154	0.0371667309	0.0118934269	-0.0203756787	-0.012056057299999999	0.003066911	-0.0045758812	-0.0577544165	0.0384341156	0.0204262454	0.0132937985	-0.09785119279999999	0.0625874702	0.0373512221	0.0252436275	0.0369005904	0.10850413460000001	-0.0034948688	-0.0900332837	0.04913725769999999	-0.0190419984	-0.0356200181	0.07508636219999999	-0.0118965117	-0.09327700109999999	0.0852536052	-0.07238854360000001	0.0554124405	-0.0352893912	0.0408864	0.001951200000000007	3.807181440000028e-06	0.0016716977049600005	0.109737	-0.005851000000000023	0.012042209168999998	3.4234201000000265e-05	-0.301804	0.005964999999999998	0.091085654416	3.558122499999998e-05	0.00273803	-0.00028193000000000017	7.948452490000008e-08	7.496808280899998e-06	0.000909342	0.0	0.0	8.269028729639998e-07	0.000635999	-1.2583999999999944e-05	4.0449472800100007e-07	1.5835705599999862e-10	0.0	0.0	0.0	0.0	0.0	0.0	0.0	0.0	0.0	0.0	0.0	0.0	0.0	0.0	0.0	2.155226908	1.321688777	-1.956152993	1.900746038	0.1607051203	1.873072162	0.1021999376	0.5990973276	-0.1714836112	1.669718222	-0.6781279448	2.153333596	0.4140002017	-0.4840071469	-0.1321980696	1.615638623	1.218795503	0.009248569875	-0.1961880153	-1.369200036	0.4895088108	-0.1957228174	-0.3204904172	0.8414405311	-0.5700697764	-0.1435289442	0.08727451917	-1.702348596	-0.7128487375
910.9880104336422	-2.580929361438166	829899.1551538458	6.661196368733617	669.4591097672559	-0.6378865578473096	448175.4996503668	0.4068992606822891	652.851327148329	-0.4393117376201872	426214.85535933456	0.19299480281086814	1.120788	18.650229	0.023630749999999992	0.1109237362	0.0036505213	-0.0036561186	-0.0269187962	0.1133568061	0.0453069551	-0.1095861914	-0.0578767531	-0.027726675	-0.0370531585	-0.0165448718	0.0360840101	-0.0130850013	-0.0064788998	0.02677895	0.0010918585	0.0768853475	0.0562063849	0.0143404239	-0.0337696271	0.0523425911	-0.041647263999999996	-0.051704949800000004	-0.0018274844	-0.13478183400000002	-0.0557088207	0.046715518399999996	0.0598996296	-0.030713883799999998	-0.0808907157	0.008996075400000001	-0.0383052453	0.0475092701	0.0410793252	0.0049274846	-0.0571388561	0.1029675372	-0.0757005262	0.1038272182	0.0126448497	0.012639238600000002	-0.1572929177	-0.0407539658	-0.059007155	-0.0691219591	0.0922698508	0.009716956700000001	-0.229207574	-0.1826918103	-0.0689529817	-0.0797545253	-0.032791041800000004	0.0074641705000000015	-0.0016875911999999999	0.0427022038	-0.0696250372	0.0112251582	0.0519867168	0.0058116098	0.0438650074	0.0180382743	0.0626772429	-0.0845387769	-0.0589956221	0.0075629682	-0.0394970931	-0.018867250800000002	0.025022559	0.046171461100000005	-0.1791590134	-0.0823638795	0.0375998067	-0.0830525776	-0.09322967630000001	-0.06728655389999999	0.0327066914	-0.0281823831	-0.0182182875	0.0250360457	-0.0150232917	0.043218729000000004	0.006877581999999999	-0.0764724271	0.0581790124	-0.061775820099999997	-0.0398572383	0.044262595599999996	-0.0296822724	0.0345556634	-0.0184015172	-0.0696813114	-0.0256906018	-0.0558786229	0.0048714108	-0.003487343	0.0586352729	0.0599144869	0.047792056799999996	0.08487259220000001	-0.09226909189999999	0.0454853486	0.0575808502	0.0252614555	-0.0302062952	0.0179667878	0.06616658019999999	-0.0290172767	-0.0012075711	-0.015282408999999999	0.0547414357	-0.08827535550000001	-0.1047624281	0.012876280300000001	0.0221475172	-0.0012422295	0.17068592510000002	0.0744389882	-0.1398396543	0.0350833605	0.0202748303	-0.0210971413	-0.023571580699999997	-0.1586775299	0.0950274908	0.19098060309999998	-0.0368461135	0.1223806995	-0.1059489194	-0.0017240128	0.0748531462	0.0333693593	0.0036641290000000003	-0.0181063285	0.09286947289999999	-0.0043191833	-0.0340524359	0.0304577229	0.038721366800000004	0.0324936226	0.0189113167	-0.021852581	-0.043456115	0.018065175	0.0149217399	0.15199321429999998	-0.0060122184999999995	0.1510868884	-0.0196576826	-0.1467585703	0.0207044348	-0.055502933	0.038315608	-0.037083117	-0.060526539000000004	-0.0935960747	0.0864957792	-0.0750582242	0.0598569364	-0.0416541719	0.042471	0.0015845999999999914	2.510957159999973e-06	0.0018037858409999997	0.124378	0.014641000000000015	0.015469886884	0.00021435888100000043	-0.307354	-0.005549999999999999	0.094466481316	3.0802499999999995e-05	0.0027143	-2.3729999999999585e-05	5.631128999999803e-10	7.367424490000001e-06	0.000909342	0.0	0.0	8.269028729639998e-07	0.000649372	1.33729999999999e-05	4.2168399438400004e-07	1.7883712899999738e-10	0.0	0.0	0.0	0.0	0.0	0.0	0.0	0.0	0.0	0.0	0.0	0.0	0.0	0.0	0.0	2.108398771	1.274552886	-1.499098905	1.804330104	0.06640539844	-0.2211136231	0.1178067619	0.4115120428	0.7618266845	0.8820099954	0.2174986087	1.026162992	2.055928486	0.3388539068	0.2552014908	1.765169325	2.091638414	0.7394213112	-0.72359021	-1.133230593	-1.127629615	-1.658526273	-0.7778140808	-0.4750072044	-1.262012978	-1.306069306	0.7721751949	0.07951052141	1.04634281
917.8818890520772	6.8938786184349965	842507.1622498098	47.525562405715206	671.6177607934524	2.1586510261964804	451070.41661321104	4.659774252899118	653.5538461631435	0.7025190148144702	427132.6298346378	0.4935329661758938	1.159391	19.292593	0.04189479999999995	-0.0840742352	0.0129675024	-0.0814697632	-0.0254489125	-0.05744816730000001	-0.0634707725	0.0756015295	0.0418169984	0.0352908136	-0.0402889534	-0.0171787948	0.0695582944	-0.025729716099999998	0.0003023868	0.0321517298	-0.039684131	0.0143356808	-0.0352710545	0.0543201271	-0.0913547851	-0.0754984759	0.0446116863	-0.0373957547	0.028880492	-0.0406811696	0.0011403436999999998	-0.0248695269	0.13600533380000002	0.0834169869	-0.0149403572	-0.0041214070000000005	0.1050356446	-0.0422680853	0.0416796285	0.0537518251	-0.1101432464	0.0016988837	0.0008488044	0.04251096769999999	-0.051943236100000005	-0.021162128500000002	-0.057084964	0.0217586399	-0.022590310099999997	-0.0872497384	0.0326066582	-0.1939210896	-0.0230601394	0.059846268499999994	0.0429615136	0.0266319718	-0.0076542728	0.008798698399999999	0.0646659073	0.064264929	0.1105721878	0.0881841931	-0.015679389199999998	0.123480898	-0.0924396376	0.0622251336	0.0805193226	-0.065482648	-0.17274255649999998	-0.0585252743	-0.1899127545	0.0186164431	0.0380634964	0.0359000525	-0.0566238293	0.0539136347	0.0323055556	0.0164418582	0.0574298483	0.0723856193	0.0088015325	0.0811362891	0.0013673073	0.0707156486	-0.0005751072	-0.015116176399999999	-0.0585507299	0.0779500334	-0.0341326863	0.0324057579	0.0792273481	0.0368371489	-0.0060317737	0.0156926629	-0.0334154642	-0.0691860401	-0.0353048793	-0.0578439242	-0.06380028530000001	-0.0298145743	0.00654058	-0.1377881127	0.0314213575	0.0216277043	-0.0226542938	0.0818655601	-0.029917768100000002	-0.0677908237	0.0477695701	-0.023122692599999998	-0.0032275395	0.0744194508	-0.0345717021	-0.1581730766	0.038059666	-0.0289960299	-0.0867691534	0.0269468436	-0.002638601	0.0043925488	0.0217082433	-0.0654764573	-0.1112999203	-0.0037892204	0.0235920023	-0.08473332210000001	0.0659773501	0.045890584400000003	0.0961554124	-0.1334236409	-0.0698873697	-0.037631134	0.027908150099999997	-0.0398768914	0.11497334880000001	0.071921554	-0.0397252069	-0.07588363669999999	0.076333971	-0.0031797635999999997	-0.0268987313	0.0327768321	0.06472130849999999	-0.1028107671	-0.0084744201	0.055255224400000004	0.083357885	-0.1619471751	0.0141288456	0.0748730036	0.0278892843	0.0630208671	-0.113138857	0.1045111517	0.084301358	-0.0002644066	-0.0551973086	0.11521931140000001	-0.0633359924	-0.09389553140000001	0.0876654421	-0.0775863408	0.0641007573	-0.04780078559999999	0.0449258	0.002454800000000007	6.026043040000035e-06	0.00201832750564	0.136414	0.012036000000000005	0.018608779396000003	0.0001448652960000001	-0.309121	-0.0017669999999999628	0.095555792641	3.1222889999998688e-06	0.0024559	-0.0002584000000000002	6.677056000000012e-08	6.031444809999999e-06	0.00113601	0.0002266680000000001	5.137838222400004e-08	1.2905187201e-06	0.0006770439999999999	2.7671999999999958e-05	4.58388577936e-07	7.657395839999979e-10	0.0	0.0	0.0	0.0	0.0	0.0	0.0	0.0	0.0	0.0	0.0	0.0	0.0	0.0	0.0	2.145535869	1.140585735	-1.773822339	2.076662151	-0.74842325	0.121353591	-0.4957332369	0.4756488785	-0.7749190022	0.6471579569	-1.954260965	1.939182305	1.203516894	-0.2834881037	1.913564625	-1.44532385	0.1678369104	0.002067917984	0.08685370282	-0.04763601504	0.2522690704	0.3907963004	1.192015792	0.2872179914	-1.510163056	-0.3111335562	-0.2243727922	0.2362633529	-0.7496900411
914.212204629182	-3.6696844228952163	835783.9550929493	13.466583763639793	669.8574656424297	-1.7602951510226603	448709.0242768989	3.0986390187138904	652.4542090094823	-1.099637153661206	425696.4948541892	1.2092018697121187	1.106159	18.406801	0.08165495000000006	-0.0323699804	-0.0525415082	0.0569047912	-0.0661271687	0.0449589439	0.0257390235	-0.020899136699999998	-0.0083400068	0.0614196975	0.0773655066	0.05969333280000001	0.044373374199999996	-0.0674439611	0.0049191229	0.0669075336	-0.0700187538	-0.0745304529	-0.008792606	0.13388278539999998	0.0207923142	0.064460844	-0.0225218054	0.0012603724	-0.0392460416	-0.0027403791	0.0158880381	-0.0355100701	0.0504265132	-0.0419414393	0.0369677623	0.0150823742	0.084703686	-0.0440485662	0.006275952	-0.1009742053	-0.1024760074	-0.1095279349	0.0023244533	0.10582445689999999	-0.0457211359	-0.0598871342	-0.0598781143	-0.154079112	-0.0255977499	0.0282093775	-0.06283103940000001	0.1217460866	0.025100894900000004	-0.023257737999999997	0.0361507043	-0.0151678474	0.0022572443	0.0840588117	0.0336198394	0.0843400947	0.0916500532	0.0804166705	-0.1497910853	-0.0376128613	-0.0431578459	0.054428228200000005	-0.013495459599999999	-0.0135905676	-0.09368158369999999	-0.0133654867	0.005709859300000001	-0.0359253947	0.0441607316	-0.0185049682	-0.0029328854	-0.0096311217	-0.12891899310000002	-0.1239966599	0.004601227	0.0362603299	-0.0257278546	-0.0560012745	0.006160976899999999	0.060708625	-0.08568553949999999	2.4518200000000002e-05	0.05087322440000002	-0.0476834936	0.0175701596	-0.0288508826	0.048940934400000004	-0.0899978768	0.085099132	-0.0418687859	0.0083070321	-0.0684757015	-0.0815237851	0.0075993278000000015	-0.0805559214	-0.1266511809	-0.0210940123	0.055155997400000004	-0.0199152194	0.0573886523	0.0190605225	0.055804968200000006	-0.0415035936	0.0408953942	0.02421451	-0.0021887969	-0.0381751014	0.013581033700000002	-0.0236918107	-0.11735413310000001	-0.0671705168	-0.0023793620000000003	0.0402843208	0.0588655292	0.1037867558	-0.0647419396	0.0531484556	-0.11112776960000001	-0.051403846100000004	0.0813304234	0.0615747732	-0.0402251704	0.0730405696	0.015624961599999999	-0.1501757033	0.0128224268	0.06436738269999999	0.0094003344	0.0051863792	0.0878267727	-0.0371438613	0.0664911407	0.053359657000000005	-0.1431059776	0.0783670169	-0.027469016800000003	0.0396608121	0.0600053963	0.0901584151	0.023336788100000002	0.04449470690000002	-0.0047091288	0.09398787800000001	0.0777609834	-0.0988777076	0.0412586107	0.0250903244	-0.0224664946	0.0813790598	0.014938129	-0.0029777634999999998	0.0301935471	0.0411212018	0.051260270499999996	-0.0751879893	-0.0941753084	0.0887616133	-0.07996812519999999	0.0681296754	-0.0536970388	0.037043300000000015	-0.007882499999999994	6.21338062499999e-05	0.0013722060748900006	0.10321099999999997	-0.033203000000000024	0.010652510520999995	0.0011024392090000015	-0.3178	-0.008679000000000048	0.10099684000000002	7.532504100000083e-05	0.00190534	-0.0005505600000000001	3.0311631360000007e-07	3.6303205156e-06	0.00110486	-3.114999999999997e-05	9.70322499999998e-10	1.2207156196e-06	0.000733143	5.60990000000001e-05	5.374986584489999e-07	3.1470978010000115e-09	0.0	0.0	0.0	0.0	0.0	0.0	0.0	0.0	0.0	0.0	0.0	0.0	0.0	0.0	0.0	2.164839452	1.736177137	-1.908233497	1.142445988	0.722138679	1.372793233	-0.5312134658	0.5532494265	-1.492207374	1.769973355	-0.1133071456	2.008976815	0.1586467334	0.6842599145	0.1528527878	1.33923346	1.054557375	0.283569211	-0.9370022277	-1.266142554	0.4239918574	0.02754670721	0.3179817867	0.3382545969	-0.767487457	-1.603673227	0.4111763153	-0.4063947176	-1.880021157
910.1523249503439	-4.059879678838115	828377.2546125164	16.482623006642676	669.7111277173142	-0.14633792511551744	448512.99458839674	0.0214147883271148	652.6676240290867	0.2134150196045539	425975.02745577344	0.045545970592812124	1.258609	20.943621	0.07164010000000003	0.1327494955	0.06544851730000001	0.0418583095	-0.12498050179999999	0.0473720485	0.05763330730000001	-0.0652709162	-0.0600773767	-0.0282704564	-0.028237531099999998	-0.0333964381	0.0379486829	0.0187711852	-0.015895766699999998	-0.0267118552	0.0649482159	-0.0218723311	0.1518869112	-0.026356242000000002	-0.0066114947	-0.0126370061	0.01110643	-0.03766026	-0.0392312494	0.004788552	0.1108398889	0.13300507279999998	0.0099266064	0.0637730832	0.007367875500000002	-0.0508955464	-0.0584109941	0.1273920127	-0.025652021400000002	-0.0005146826	0.0520154697	-0.0024523465	-0.0088847398	-0.027648951	0.0204973557	-0.0694669793	0.0010640775999999998	-0.079246498	-0.0712612924	-0.0048908366	0.0336374502	0.1666975426	-0.051526837400000004	0.020979437200000003	-0.12450765189999999	0.10886766630000001	-0.13211366160000002	0.0211602302	0.0253015556	-0.014148321799999999	0.0511289805	0.031837296800000005	-0.1398974881	-0.0355948398	-0.0952584773	-0.06089607690000001	-0.09868042560000001	-0.0029311047999999998	0.0434367575	0.0060488164	0.1198120448	-0.10268583349999999	0.0144763538	-0.0422064488	-0.051341083600000004	0.006403260500000001	-0.0105347956	-0.0583618987	-0.0586401008	-0.1136527507	0.0433615103	-0.0542516092	-0.0717748464	0.08476080470000001	-0.047078298600000006	-0.0295167408	0.07956798400000001	-0.0627800188	0.0174294444	-0.051383903700000004	-0.048984020700000006	0.012203723400000002	-0.03365286	0.013650653	-0.007667210600000002	0.036385462400000006	-0.0005094380000000001	-0.0245182734	0.156350995	-0.0858927683	0.0449546512	0.0033635623999999998	0.006559983399999999	0.0715581133	-0.0016691938	-0.0587019034	-0.020625378899999998	-0.0909528285	0.0015677535999999998	0.0225171977	-0.0734960955	0.020084303600000002	0.0594983237	0.053452253600000006	0.0071782020999999994	-0.038111434300000004	0.0503590817	0.0026270829999999997	-0.017981637800000002	-0.0264441574	-0.0470993214	0.0027280981	0.04781105099999999	0.0285082446	0.0456292712	0.020036936499999998	0.0898444107	-0.0372522985	-0.0733701438	0.0819046004	-0.0797316428	-0.0204621634	-0.0273383415	0.1449666644	0.0356007859	0.0513865596	0.0820537439	-0.0190564142	-0.036432974300000004	0.0641502256	0.1608125204	-0.0069997526	0.041000123799999996	0.0974479399	-0.1061262615	0.0308069927	-0.0091516398	0.0962122401	-0.0108983214	0.0645142444	-0.0174557935	0.0161463999	0.0928416584	-0.1139916825	-0.0894414568	0.071263013	0.0039447356	-0.0876306342	-0.0609737236	-0.09443534710000001	0.0897833739	-0.0821990853	0.0719301834	-0.05931204950000001	0.0494102	0.012366899999999986	0.00015294021560999967	0.0024413678640399995	0.0978269	-0.005384099999999989	0.009570102363609998	2.8988532809999877e-05	-0.298605	0.019195000000000014	0.08916494602500001	0.0003684480250000007	0.00240191	0.0004965700000000002	2.465817649000002e-07	5.769171648100002e-06	0.0012623300000000005	0.00015747000000000048	2.4796800900000154e-08	1.5934770289000013e-06	0.000693301	-3.9841999999999996e-05	4.80666276601e-07	1.587384964e-09	0.0	0.0	0.0	0.0	0.0	0.0	0.0	0.0	0.0	0.0	0.0	0.0	0.0	0.0	0.0	2.121738347	1.319510136	-1.134468243	1.718024811	-0.638523599	0.6010660961	-0.4673761996	0.3210588288	1.618496322	0.8668743549	-0.066483997	0.8240392282	1.505923858	0.1211238285	-0.3246142618	0.9764431536	1.741348404	0.6319019332	-0.6234199929	-1.355113707	-1.571128408	-0.9512270078	0.446154188	-0.4971243611	-1.291673147	-2.00846301	1.236612717	0.7947703473	-0.5758852912
916.7230644368988	6.570739486554885	840381.1768705784	43.17461740017156	671.464275814978	1.753148097663825	450864.2736957329	3.0735282523422884	653.5597274513689	0.8921034222820481	427140.31734630757	0.7958485160473422	1.244133	20.702728	0.07352489999999998	-0.0951485862	-0.0171697281	-0.0772369465	-0.0916803248	-0.0672400394	-0.0776406893	0.0717004664	0.018382378799999998	0.0845453041	-0.0018788653	-0.047584187300000004	0.0364488236	0.026714901800000003	-0.0294263832	-0.0424748359	-0.0493002099	0.0239910577	0.0211269365	-0.096891218	-0.0928705742	-0.047247097800000006	0.0017806776999999996	0.0056839664000000005	0.048196859800000005	0.0232580914	-0.0665066904	-0.0636025231	0.0789210741	-0.0264119256	0.0791234829	-0.07190307259999999	0.0727811784	0.0158238897	0.0671047736	0.0806644332	0.0555893029	-0.0597451672	-0.0595430056	0.012947998999999998	0.086115684	-0.0228505319	-0.026913386600000002	-0.0714094716	0.0385109409	-0.0205214462	0.0709141529	0.015451008300000001	-0.0267688626	0.0732083959	-0.1373304055	-0.0165020715	0.0486165851	-0.022373502799999997	0.08541528	0.1423437292	0.0248325718	0.1075876633	0.001994128	-0.088080424	0.1034952195	0.0687949816	0.08375564099999999	-0.0105423761	-0.0193674225	0.1035577784	0.1596688769	-0.0284429163	-0.0140563963	-0.0024456229	0.0163121221	-0.0169800421	-0.0327813922	0.0036667634999999997	0.0437426801	0.1137771496	0.0286998204	0.0456947695	-0.0153992904	0.0578641784	0.0377454973	-0.0201583264	-0.047670664800000005	0.07882232809999999	-0.0311214683	-0.0156556066	0.0776776955	-0.018445031599999998	-0.021232065499999998	0.0310524761	-0.0741880501	0.1222258545	-0.00012978030000000002	-0.0014169718	0.023418682000000003	-0.010435342700000001	0.1151806224	-0.0668125386	0.0030301834000000002	-0.0297345542	0.055255156	0.0103059723	-0.048633392000000004	0.0029209976	0.0928443608	0.0950404989	0.0602662391	0.08891020349999999	-0.0002268425	-0.0124265281	0.0373510738	-0.0808020136	-0.0263954118	-0.023861608399999998	-0.0258500244	0.021567541699999998	0.024141231699999998	-0.06527892860000001	-0.0139061517	-0.0154552655	0.0856206547	0.109530217	0.1167896142	-0.0739634747	0.0012567107	0.10399333699999999	0.0821640503	0.0037360567	0.0745623358	-0.0390606034	0.0145636787	0.036218344900000005	0.0222868129	0.0586117406	0.1269037558	-0.0672388517	-0.04454033809999999	0.0379776899	0.0406656255	0.024730209700000002	-0.0014708381	0.0048079003	-0.011755978200000001	-0.0133628871	0.021939120099999997	-0.0241123442	0.1191842634	-0.11887909740000001	0.109653292	-0.0061256953	-0.008276408399999999	-0.0547521605	0.046849307400000005	0.0029625993	0.1316704868	-0.09467559310000001	0.09072986720000001	-0.0842750133	0.0754895399	-0.0646164087	0.0493965	-1.3699999999998434e-05	1.8768999999995717e-10	0.00244001421225	0.109604	0.0117771	0.012013036815999998	0.00013870008440999994	-0.314104	-0.015498999999999985	0.098661322816	0.00024021900099999955	0.00155604	-0.0008458700000000001	7.154960569000002e-07	2.4212604816e-06	0.0012966	3.426999999999944e-05	1.1744328999999615e-09	1.6811715599999996e-06	0.0006487390000000001	-4.456199999999993e-05	4.208622901210001e-07	1.985771843999995e-09	0.0	0.0	0.0	0.0	0.0	0.0	0.0	0.0	0.0	0.0	0.0	0.0	0.0	0.0	0.0	2.128750522	1.461195657	-2.017118576	1.421565234	-0.08140096037	-0.1134680164	-0.5660223639	0.3431531758	-0.5583036814	1.004335023	-1.250409203	1.680781812	0.2399102293	-1.197839132	1.441916135	-0.6999216357	0.7751514601	0.4339825637	-1.943463589	0.1555311533	0.7595266937	1.330080619	-0.1290583329	-0.356738386	-0.5908440766	0.5327414996	0.2482202221	0.2317291979	-1.602031024
912.4350125453368	-4.288051891561963	832537.6521186089	18.38738902472813	669.9676346593129	-1.4966411556650885	448856.6314909946	2.239934748830531	653.9188283572015	0.35910090583263354	427609.83408005524	0.12895346056981793	1.213059	20.185644	0.11175219999999997	0.081821292	-0.004793582199999999	0.1220174063	0.0097264719	-0.1045395766	0.0564627396	-0.0168751003	-0.0822006173	-0.025719430499999998	0.1093327417	0.0158499682	-0.0460403507	0.0048656605	0.0245315144	-0.1053528461	0.0016233486	0.0008513928	-0.0728988195	-0.0015114268	0.0351387539	0.006596137199999999	-0.07982295860000001	-0.047941839900000005	0.10493215609999999	0.0250500617	0.015074028100000001	0.04433414	0.0004935307	0.0714642912	0.06484001639999999	0.037237911299999996	-0.08802929960000001	-0.0884538173	0.046840748099999996	0.0145443653	-0.030962605600000002	0.0034740644	0.0487972548	-0.056843446	-0.06710870599999999	-0.1070926154	-0.0172438726	-0.021196708999999998	0.10909345570000001	0.0208904667	-0.0188494932	0.0239477295	-0.07440018400000001	-0.0512721747	-0.07454894349999999	-0.0241382728	-0.0285496481	0.0002795632	0.0325955422	-0.0178992355	-0.07980222049999999	0.025113501400000002	-0.0476063027	-0.14555107	-0.0180851193	0.048200783600000005	0.094377924	0.0310125565	0.030166963300000002	0.10024358109999999	-0.0613039557	0.0289405683	0.0573655963	-0.0392081796	0.0248016008	-0.1090484876	0.032069321	-0.0228567371	-0.036619578	-0.054874686299999996	-0.0864454806	-0.1105663255	-0.0297872606	-0.0338366552	0.0007589636	-0.0874282585	-0.1078158899	-0.0607959743	-0.0209334408	-0.0541413672	-0.08405924669999999	-0.0663913519	0.0082444633	-0.0756694561	0.0351507041	0.08552597599999999	0.0269472325	-0.0059289127	-0.1040602575	-0.029370671400000006	-0.0292281429	0.046558498899999995	0.0346990083	-0.1316809079	-0.0069488651	-0.070876485	0.0107049051	-0.0583856696	0.0614890054	-0.06378479940000001	0.0262888212	-0.07108356019999999	0.0654948323	0.044367120499999996	0.0049678845	0.033342118500000004	-0.0606220078	0.0150441547	0.0284420339	-0.0018265684	-0.028493998700000002	-0.0897935158	-0.0383814192	-0.047462047199999996	-0.0138228664	-0.11496363650000001	-0.0099461839	-0.0470082303	-0.0118273857	0.1705521355	-0.0067910618	-0.0594969467	-0.0088329975	0.052330964199999996	-0.054358944299999996	-6.96553e-05	-0.0148351955	-0.0558957201	0.0018853780999999999	-0.1156148566	-0.033314810699999996	0.0022011388	-0.0077304969999999985	0.0754378562	-0.0237572199	0.0742671581	-0.11109022539999999	-0.0246169002	-0.0514893437	-0.052281609699999995	-0.07411536769999999	-0.0207139847	0.0847334877	0.12077722769999999	-0.0255147104	-0.0990122665	0.00653242	0.0068491655000000005	-0.0010831032	-0.0948959959	0.0916002999	-0.08619199400000001	0.0787958119	-0.0695823342	0.0494005	4.000000000004e-06	1.6000000000032004e-11	0.00244040940025	0.0471823	-0.06242169999999999	0.0022261694332900003	0.0038964686308899993	-0.292862	0.021241999999999983	0.08576815104400001	0.0004512225639999993	0.00193072	0.0003746799999999999	1.403851023999999e-07	3.7276797184e-06	0.00119784	-9.876000000000004e-05	9.753537600000007e-09	1.4348206656e-06	0.0007369889999999999	8.824999999999979e-05	5.431527861209998e-07	7.788062499999962e-09	0.0	0.0	0.0	0.0	0.0	0.0	0.0	0.0	0.0	0.0	0.0	0.0	0.0	0.0	0.0	2.040269841	1.550825925	-1.434388016	1.435044216	0.1793827399	1.496182786	0.03537618063	0.3376021307	-0.525233904	1.155590271	-0.03592248814	1.567093042	1.730619662	0.03818114509	0.2539455264	1.707288416	2.127670036	0.2037676799	-1.613275834	-1.247674608	-2.392177216	-0.03155803603	-0.1302055533	1.209969605	-0.207947009	-0.4741890319	0.6354493374	-0.865182379	-0.6269298383
913.4818429009557	1.0468303556189085	834449.0773097264	1.0958537934452104	671.1311669156897	1.1635322563768111	450417.04320561537	1.353807311629314	653.9998832716228	0.08105491442131553	427715.84731929627	0.006569899151846782	1.218515	20.276445	0.08998105	0.0085903359	0.0529566206	-0.045527910199999994	-0.0009344203	-0.04753234480000002	-0.021270373199999998	0.031036276600000006	-0.05057864	0.033255669700000004	-0.0847328775	-0.0682065291	-0.0398124188	0.0393520019	-0.003455707	-0.1137972377	0.1322095027	-0.0377320886	-0.0551157634	-0.0251470095	0.10228560380000001	0.0706794454	0.0041477346	0.0289429931	-0.007435617199999999	0.0229388536	-0.1064603939	-0.0123088817	-0.0544459126	0.1083554523	0.0088728998	0.0209985582	-0.0785639749	0.032309942	0.0349424123	0.0009488436999999999	0.0076334998	0.10835262550000001	0.049969967000000004	-0.0331679453	0.0691295191	-0.09559819230000001	-0.006711029300000001	0.0866399671	0.0293685632	0.0224916489	-0.00010482510000000001	0.1533411052	0.0008235930000000001	-0.0129492698	0.0165633588	0.0325446218	-0.0820157284	-0.0585132029	-0.075074549	0.006573776700000001	-0.0001844363	-0.044353328	-0.0768063878	0.0137042191	0.11529646560000001	0.012651818	0.1448526902	-0.0158168349	0.0971805897	0.065640534	-0.0647137594	-0.1313577323	-0.17472079129999998	-0.0675026308	0.012108191899999999	0.1405751972	-0.0874873391	-0.0126812001	0.0185892693	-0.0045002318	0.0625244526	0.016480101100000002	-0.0753014682	-0.014325763	0.1063189111	-0.0783840589	0.0365095698	0.042137336	-0.047843177199999996	-0.061997949800000014	-0.012640121899999999	0.08911256140000001	-0.0493994125	-0.0004438289	0.022814090800000002	0.049400779299999996	0.1567332113	0.074097117	0.025210133399999998	0.0352289888	-0.1012984974	0.0779514833	-0.027300287700000002	-0.0293892833	-0.0781023373	-0.011060358300000002	0.0228919681	0.0359565296	-0.0292643183	-0.10754305230000001	0.044494777699999995	0.08519164060000001	0.09470864130000001	0.0669708218	-0.0664708563	0.0762924423	0.0957098066	0.0560639859	-0.09005644550000001	0.0354647653	0.11299839619999999	0.0965523933	0.06423056690000001	-0.015496483899999997	0.0230493083	-0.0169327217	0.08157793519999999	-0.0788014677	-0.039712973900000004	0.026336870099999996	0.0052402849	0.0584914602	0.045682672300000005	0.22445132399999998	-0.1001564259	-0.0052871097	-0.0820136461	0.0444641826	-0.0596387441	0.042215406100000005	-0.0473258418	-0.1231895939	-0.071281786	-0.0589044097	-0.0931313775	0.11713735230000001	-0.0535968902	-0.0990632099	0.0384990991	0.0797512831	0.0045059138	-0.08974536529999999	0.0202265492	0.1094985625	-0.0627478501	0.095061905	0.1084252699	-0.0037647139	0.0983523677	-0.09509650929999999	0.09239394210000001	-0.0879464117	0.0818379147	-0.0741838168	0.0493207	-7.979999999999793e-05	6.368039999999669e-09	0.0024325314484900003	0.0990246	0.0518423	0.00980587140516	0.00268762406929	-0.310995	-0.018132999999999955	0.09671789002499998	0.0003288056889999984	0.0018565	-7.421999999999984e-05	5.508608399999977e-09	3.44659225e-06	0.000909343	-0.00028849699999999986	8.323051900899993e-08	8.269046916490002e-07	0.0007727910000000001	3.580200000000025e-05	5.972059296810002e-07	1.281783204000018e-09	0.0	0.0	0.0	0.0	0.0	0.0	0.0	0.0	0.0	0.0	0.0	0.0	0.0	0.0	0.0	2.108308887	1.355072566	-1.1790334	2.434090878	-0.4046266374	-0.4337862994	-0.1408028041	0.2765603889	-0.1593460624	0.3987019704	-0.6654059358	1.128806914	0.4682792728	-0.1660482279	0.9362046532	0.5679424693	1.529624513	0.5160210626	1.353552562	1.019642138	-1.729564783	0.7038616922	-1.440165381	-0.7756019349	-0.7743811766	-0.1558078242	0.6199664939	0.1133130485	-0.04468928952
917.3557676388948	3.873924737939092	841541.604420346	15.00729287521646	671.1168005353994	-0.014366380290312009	450397.7599608711	0.00020639288264586534	654.257587493904	0.2577042222811769	428052.99079334346	0.06641146618154628	1.098414	18.277925	0.0752028	-0.1189223693	-0.0203413073	0.0543924388	0.0498992503	0.0556433372	0.0032389725	0.1178442599	0.00583321	0.0447448162	0.0618333176	0.0074431249	0.0122596397	0.025584458900000003	-0.0384550567	0.038507150899999995	-0.0392527619	-0.0242560729	-0.0026346248999999998	-0.0028425351000000002	0.0664376467	0.0616671665	-0.0398743076	0.07698135240000001	-0.0020936924	0.0179580033	-0.10879203470000001	-0.0722915422	-0.0229769215	0.0438433475	-0.023271264700000002	0.0225876263	-0.0034466366999999997	-0.1293220752	-0.0318335278	0.0367632325	-0.12724030990000001	-0.0327771075	-0.1921900691	0.06618728480000001	-0.1025349638	-0.0751166726	0.07279951230000001	-0.0222952064	0.0305839795	0.0091085728	-0.0774188409	0.030155815	0.0471627879	-0.048239403300000004	-0.032392702200000005	-0.10321842490000001	-0.0138966786	-0.025698359700000003	-0.039644555299999995	0.0417611852	-0.0009834364	0.0211926917	0.0499660442	0.1292246528	-0.1597468801	0.038165568	0.10220067279999999	0.11852104449999999	-0.0299371965	-0.0089871646	0.142945853	0.0733705514	-0.0813093004	0.0539643391	-0.00184495	0.0824269129	0.013892471100000001	0.0738017578	0.0813425036	0.0707500008	-0.0768593714	-0.0066165934	0.0149742259	-0.0153025502	0.05028844440000002	0.0740515719	0.0708066451	0.0164025984	-0.10013985730000001	0.0224433369	0.0628211517	-0.07715924219999999	0.0113519648	0.0364193029	-0.0038001704	0.0025377568	-0.012858898700000001	0.019532340500000002	-0.0422952031	-0.0031129112	0.012807691299999998	0.047586370999999995	-0.075863449	-0.1008246782	-0.0249344092	0.011060190400000001	0.0531234913	0.0705097302	-0.0123121053	-0.0909234931	0.0548953055	0.1087330201	-0.0440605707	-0.1093002817	0.0521910539	0.0074570737	-0.1068911093	0.1531895372	0.0315847796	0.0822462368	-0.0985113698	-0.0380849852	-0.0152089912	0.078581494	-0.0237959763	0.0582218554	-0.0341872227	0.013548491499999999	-0.0011305047	0.0578655	0.09153729050000001	-0.0056401561999999995	-0.0508838242	0.0829612462	-0.0441171687	-0.11365320150000001	-0.10646754539999999	-0.0629389491	0.0685020925	0.028642044	0.0378074978	-0.0825793532	0.07749670410000001	-0.0585331868	-0.0364279465	-0.1523452414	-0.008828743299999999	0.0379274858	0.0391417612	-0.1103562977	0.0493158102	0.0004613904	-0.0312283246	-0.0570378516	-0.0163967589	0.017007744499999998	-0.018280057199999998	-0.0321942964	-0.0345537492	-0.0952770913	0.09311012869999999	-0.0895349577	0.08460564949999999	-0.0783967557	0.0493819	6.119999999999738e-05	3.7454399999996785e-09	0.00243857204761	0.0832481	-0.0157765	0.006930246153610001	0.00024889795225000003	-0.276799	0.034196000000000004	0.07661768640099997	0.0011693664160000005	0.00168264	-0.00017386000000000007	3.0227299600000026e-08	2.8312773696e-06	0.00122577	0.0003164269999999999	1.0012604632899992e-07	1.5025120929e-06	0.000759696	-1.3095000000000075e-05	5.77138012416e-07	1.7147902500000203e-10	0.0	0.0	0.0	0.0	0.0	0.0	0.0	0.0	0.0	0.0	0.0	0.0	0.0	0.0	0.0	2.007106235	1.305373666	-2.008899093	1.580293661	0.4799399062	1.193274244	-0.3530905726	0.141409785	-0.3996034531	1.28988536	-1.264741084	1.621289065	-0.219113779	0.2409242863	1.162193587	1.139719712	-0.02357554567	-0.2989219066	-0.2032137383	-0.2714597857	1.266428893	0.8120976968	-0.2634543671	0.3705090791	-0.1288331597	1.137601774	0.1504089151	-1.118217034	-1.589041103
913.216865887154	-4.138901751740832	833965.0441407561	17.130507710563332	670.2519910182194	-0.8648095171799923	449237.73146388726	0.7478955010050914	653.7888358008933	-0.4687516930107449	427439.84181788744	0.21972814970043966	1.233535	20.526379	0.03415539999999995	0.10487451710000001	0.0257466186	0.0303591097	0.0035872745000000007	0.0286033381	0.0577855519	-0.027645078700000002	-0.08943365910000001	-0.11239206300000001	-0.007096034300000002	-0.006771613100000001	0.0086000842	-0.0050202094000000004	-0.0017579551	0.0124822554	-0.0670134966	0.1012191551	-0.0361677164	0.0325420919	0.0547129776	-0.0059382346999999995	0.0003737856	-0.0483293241	0.06395227120000001	0.0201290774	-0.0041087757	0.0408863156	-0.0946866724	0.0183864102	-0.0979136744	-0.0651833874	0.0695242991	0.0846234581	-0.1579341882	-0.04508796	-0.007399380699999999	0.01602517	0.0373820627	-0.0902666935	-0.0575541762	-0.0653576382	-0.0192775178	0.0669069672	-0.0869918514	-0.18529426829999998	0.0096184254	-0.0099781124	0.0828649979	-0.1034841527	0.018335726200000003	-0.0104452256	0.0216979533	0.034472523399999996	-0.0627327331	-0.056270874299999996	0.0632413904	-0.0945950266	0.0248538087	-0.06659638650000001	-0.09098235130000001	-0.0357313673	-0.0346842936	-0.0836543476	-0.12916542279999998	0.0575770783	-0.0122783023	-0.0272325852	-0.0078669803	0.027579820499999998	-0.1204539986	-0.0554247241	-0.0200965933	0.1081996483	-0.0791415409	-0.0977063034	-0.03288995	-0.0150202009	0.0120192006	0.042356736900000004	0.037757554	0.0688577799	-0.0441409808	-0.0612052338	-0.0343336277	-0.017466603100000002	-0.11555178519999999	0.030289945099999997	-0.0176661151	0.0052612197999999995	-0.0429321915	-0.0374517857	-0.0610311383	-0.0243742771	-0.07803969849999999	0.055287099400000005	-0.06993674	-0.0260107933	0.0663872702	-0.0670510055	0.013944430800000001	-0.043186220899999996	0.0176236413	-0.018582941999999998	-0.0876872029	0.0600103025	-0.0222726037	-0.057912425999999996	-0.0230465254	-0.0188748624	-0.0405693277	0.0354062102	0.076038356	0.0772277914	0.0006941809	0.13415364800000001	-0.07472925	0.11871997039999999	-0.110331434	-0.040647582200000004	0.1170761026	-0.0756796047	-0.069643282	0.0117094682	-0.0577681425	-0.0755328337	-0.07179131799999999	0.017591433	-0.0035415452	-0.06981808099999999	0.06534021599999999	-0.0496697711	-0.0526882012	0.0711102158	-0.046596463	0.10681647529999999	0.1408618201	0.0352651271	0.0984599963	0.0871465867	-0.035911321	0.0341060959	-0.0204785967	0.0296591155	0.09441758509999999	0.0936851157	-0.036552141600000004	0.0527065337	-0.032209343599999996	0.025417040099999996	-0.0921872306	-0.0974266748	-0.0101892259	-0.0985122417	0.0286968035	-0.0954377042	0.0937482592	-0.09095463570000001	0.08708973730000001	-0.0821990853	0.049423	4.110000000000225e-05	1.6892100000001849e-09	0.0024426329290000003	0.08509469999999998	0.0018465999999999763	0.007241107968089997	3.4099315599999118e-06	-0.284371	-0.007572000000000023	0.08086686564099999	5.7335184000000355e-05	0.00158827	-9.437000000000009e-05	8.905696900000016e-09	2.5226015929e-06	0.00115199	-7.377999999999985e-05	5.443488399999977e-09	1.3270809601000002e-06	0.00108546	0.0003257639999999999	1.1782234115999997e-06	1.0612218369599992e-07	0.0	0.0	0.0	0.0	0.0	0.0	0.0	0.0	0.0	0.0	0.0	0.0	0.0	0.0	0.0	1.960749779	1.707278101	-1.559813902	1.10633835	0.5041587609	1.103081893	0.2451798943	0.0422751166	0.4496559242	0.8791791936	0.5071190629	0.4414397522	2.179786998	1.505703773	0.46900671	1.326877017	1.403306474	0.6564007729	-0.4903869077	-1.35157232	-1.325339674	-1.50417091	0.1122966258	0.1158284528	-0.9520241976	0.2504691419	0.9049272011	-0.7392145886	-0.3536609505
912.910432273092	-0.30643361406191616	833405.4573530437	0.09390155982704737	670.7854021106791	0.5334110924596871	449953.0556847855	0.28452739355903683	653.0501562475978	-0.7386795532954693	426474.5065750119	0.5456474824567941	1.157447	19.26025	0.032200900000000005	0.0001496048	0.0405540632	-0.0476958675	-0.0827127902	-0.0647823738	-0.0180469151	0.0218364552	-0.0713105413	0.025569495299999998	-0.1182090141	0.010726340400000001	-0.0035142049	-0.0507372547	0.0311151831	-0.0180366126	0.041989567400000004	-0.0288368686	0.0122453308	0.11594893220000001	0.0132256172	-0.0007318674	0.0666370579	0.0108291002	-0.0094294505	-0.0722567446	-0.0821348675	-0.0384968065	-0.027467931600000002	-0.0686142939	0.0397506579	0.0404464004	-0.06578460480000001	0.0031087290999999998	-0.02903558	-0.0083304427	-0.0069666865	0.04109734	-0.0083730744	0.1145467052	0.0807282458	0.0177278376	-0.0630435234	-0.0376296313	0.0001582317	0.0481503432	-0.0321260977	-0.0526341987	-0.0523659312	0.0322542518	0.08995740949999999	-0.0035719251	-0.030199888199999997	-0.1653204422	-0.100063813	-0.0531413919	-0.09985365869999999	-0.1135399067	-0.0677077629	0.0994314635	0.07013706730000001	-0.0596613411	0.0874864156	-0.1146533723	0.07492025349999999	0.0435270934	-0.0104008575	0.0575679376	0.0027726703	0.049491133	0.0360676515	-0.0555095649	0.053875812300000006	-0.0191229703	-0.0023298387	-1.80113e-05	0.0642409619	0.0035973749	0.015311061899999999	0.0836167283	0.0408480213	-0.0621769918	0.0037783511999999997	0.0309071036	-0.0396555892	-0.0859766688	0.0145127869	0.1124750167	-0.018834546299999998	-0.0646103211	-0.0023739327	-0.0736584846	0.0052230997999999995	0.0196930432	0.046816498899999996	-0.0306367118	-0.08867563980000001	0.012145085	0.0339363111	0.038625836499999996	-0.0605379884	0.0301111365	0.1491979088	0.14542325949999999	0.0486396134	-0.004586865	0.0359261104	0.0008213328	0.053618364800000005	-0.0119931697	0.010818723999999998	-0.0295827448	0.0087902387	0.0123403688	0.08343784509999999	0.013676463600000001	0.15423528949999998	0.0131749298	0.042827255	0.0516793612	-0.1328726854	0.025802057200000002	-0.0274133818	0.049981496900000005	0.0645793712	0.022415024	-0.0268268321	0.0741579643	-0.028751053500000002	-0.05967983690000001	-0.101107309	0.0230070947	-0.0431511929	0.0167041578	-0.1893091089	-0.0319719481	-0.078050988	-0.028106982599999997	0.011279968500000001	0.0372296487	0.047463121	-0.0477189996	0.0773705169	-0.0757562386	0.0362735121	-0.0520880941	0.0350863602	0.030981257	-0.044302419800000006	0.0951161107	-0.0378015456	-0.1312151868	0.0957998058	0.0449395749	0.1275288611	-0.0955783141	0.09430779859999999	-0.09220276820000001	0.0892818499	-0.0855708907	0.0494532	3.0199999999994124e-05	9.120399999996448e-10	0.0024456189902399995	0.0990999	0.01400520000000001	0.009820790180009998	0.00019614562704000027	-0.29173000000000004	-0.007359000000000059	0.08510639290000002	5.415488100000088e-05	0.00147898	-0.00010928999999999996	1.1944304099999989e-08	2.1873818404e-06	0.00125883	0.00010683999999999996	1.1414785599999994e-08	1.5846529689000004e-06	0.00108546	0.0	1.1782234115999997e-06	0.0	0.0	0.0	0.0	0.0	0.0	0.0	0.0	0.0	0.0	0.0	0.0	0.0	0.0	0.0	0.0	2.082179843	1.419824387	-1.403966446	1.989112055	-0.3669497549	-0.4052370733	-0.01553952785	0.05908444224	1.147400192	0.3574180844	-0.8140799271	1.114315024	0.5033596108	0.5504069515	1.565987246	0.2211121455	1.604547054	0.3719741148	1.276286855	0.7834694923	-0.9565707721	0.4021392726	-1.447375	-0.6918455937	-0.5132293961	-0.3350092515	0.6140488828	0.451634182	0.2740398024
915.0548824395532	2.1444501664611835	837325.4378764646	4.598666516435396	670.965058153081	0.17965604240191624	450194.1092623674	0.03227629357151913	652.933584748839	-0.11657149875873075	426322.2660929694	0.013588914322856764	1.125953	18.736183	0.0793395	-0.1052596386	0.012928756999999999	0.046460372400000005	-0.0203157459	0.0086338723	0.0211377302	0.129921266	0.0032654758	0.0495459556	0.0388216892	0.0005843927	0.041017794100000005	-0.025393860499999997	-0.032905273799999996	0.023240649500000002	-0.0871025042	-0.0429622437	-0.0005616908	0.0015784103	-0.078577955	0.0643507445	0.0401126767	-0.02886711	-0.0575562813	-0.025174419700000002	-0.043012221399999995	-0.08124653150000001	0.1591088156	-0.08459357279999999	0.0534636428	0.036832817999999996	-0.08638006849999999	0.0233788408	-0.0584867214	0.0939556156	-0.0732953649	-0.0154653895	0.047977567400000004	0.0636581976	-0.0896874199	-0.09380915390000001	0.0167169097	-0.0010576303	-0.0778911315	0.0849818109	-0.12307715	-0.0306630304	-0.0582913884	-0.0128039443	0.0209675535	0.08166690230000001	0.0901557974	-0.0216160915	-0.0322106114	0.0175433337	-0.010343372	0.0423216612	0.110204378	-0.049128910199999994	0.027960696099999998	-0.0659877343	-0.010895175200000001	0.054846272300000005	0.1033888233	-0.1635536916	0.0545131164	-0.037569539900000004	-0.0162233023	-0.0563230338	0.057955633099999994	0.0251383088	-0.10823587609999999	0.0329839291	0.08739634619999999	0.0562060529	-0.0298305469	-0.0251264622	0.0094969177	0.0824937436	0.0071568949	0.0497902361	-0.0110504277	-0.0001590982	-0.120814385	0.020672746699999998	0.0758884693	-0.0504268337	0.0594705117	0.0089705282	-0.0431543145	-0.020516319499999998	-0.0324087001	0.0090713255	-0.0827399345	-0.0357248701	0.1041117602	0.0041879243	-0.013054483600000001	0.1357947399	0.0094269695	0.0501627114	-0.058582403899999996	0.0797220246	0.0897734378	-0.029279469199999998	-0.024284379100000003	-0.0361073829	0.004870320300000001	-0.1139842056	0.054104193099999996	-0.0097342382	-0.0636048358	-0.051053228	0.0356666171	0.1156600458	0.0544423975	-0.0020536842999999997	0.056631847	-0.0554562047	-0.1482986789	-0.08413045949999999	0.047805640999999996	-0.0950804865	0.0353993805	-0.0301349162	-0.0774026449	-0.07181784719999999	-0.011556355	-0.0197110035	-0.1273355057	-0.075322891	0.060489085	-0.0500027283	0.019159120800000002	0.025828636800000002	-0.0033235020000000003	0.0548631028	-0.0792440081	-0.0763941925	0.0200428704	-0.0514898778	-0.0162717332	0.1497683834	-0.013115634199999998	-0.0353764204	-0.058232013099999994	-0.09906446349999999	-0.0907983686	0.000682566	-0.0168560201	0.0838807014	-0.0902309718	-0.0894102964	-0.0168444448	-0.0956988917	0.09478827779999999	-0.09327700109999999	0.0911746382	-0.0884945117	0.049457199999999986	3.999999999997062e-06	1.5999999999976493e-11	0.0024460146318399994	0.107514	0.008414100000000022	0.011559260196000004	7.079707881000035e-05	-0.256849	0.03488100000000005	0.065971408801	0.0012166841610000035	0.000919672	-0.000559308	3.1282543886399997e-07	8.457965875839998e-07	0.00142033	0.00016149999999999994	2.6082249999999992e-08	2.0173373089e-06	0.00108546	0.0	1.1782234115999997e-06	0.0	0.0	0.0	0.0	0.0	0.0	0.0	0.0	0.0	0.0	0.0	0.0	0.0	0.0	0.0	0.0	1.789058751	1.399054517	-2.152307275	1.356604913	0.1841396035	0.6277371768	-0.6673065801	-0.1838032979	0.09516101113	1.161320054	-0.8612701892	1.845714596	-0.4125446268	-0.9353063489	1.281910436	0.7283198956	-0.2238577954	-0.2341795153	-0.7212694133	-0.5884892513	0.5914574736	0.6346494309	0.554433228	-0.1668588368	0.4595947232	1.093519501	0.2108041167	-1.403989578	-0.8246062582
912.3354230835968	-2.7194593559564737	832355.9242131255	7.395459188699199	669.5690780242134	-1.3959801288676772	448322.75024619506	1.9487605201934168	653.897691340602	0.9641065917629704	427582.1907405693	0.9295015202808108	1.305072	21.71677	0.07098560000000001	0.1144833001	0.0406657965	0.1193991731	0.0763937771	0.0419272824	0.10361309380000001	-0.0221597737	-0.077863216	-0.0761404985	0.0630421808	-0.0374193632	-0.0421008055	0.0607645771	-0.020186631200000003	-0.054447681	-0.0410868324	0.0893169786	0.0391097111	0.08014485240000001	-0.0784691526	0.033838771499999996	0.0177285744	-0.1050935939	-0.0405754985	0.014474028500000001	-0.0403776975	-0.0409531895	-0.015874652700000002	-0.0421011631	-0.0895316349	0.1543486201	-0.0574025377	0.04329843	-0.020993686400000003	-0.0200307819	0.0070244588	0.0583101419	0.0953156858	-0.0357456117	-0.1085618349	-0.0223848302	-0.10120865400000001	0.0104408381	-0.20249366289999998	-0.09532673900000001	-0.037855979399999996	0.026828723199999998	0.0113655699	0.0771488136	0.067181419	0.0257526575	0.0731629539	0.1384071663	0.0511127159	-0.0878698178	0.0553676649	0.008949358900000001	0.077584575	0.0474727195	-0.032820325899999996	0.004167918400000001	-0.09548400039999999	-0.0902428499	-0.0544132709	0.09633886300000001	0.0735720157	0.039644792000000005	0.027966078	-0.0144956975	0.1669164843	-0.0964473883	0.075539758	-0.013579976200000001	-0.0380133219	-0.10815420380000001	-0.057256666	-0.09011538470000001	-0.044367416500000006	-0.040029082599999995	0.0784209729	0.0508058175	-0.0738194695	-0.1064276716	-0.0401327686	-0.0198226255	-0.114089679	-0.0207202874	0.0038672094	0.0244940713	0.0113178128	0.0798470421	-0.060566338899999995	-0.1111686653	-0.0381656369	-0.0356469155	0.009742038100000001	-0.0247019672	0.0968027396	0.059156370599999994	-0.035849467999999995	0.014594648799999999	-0.032049215	0.156089568	-0.0388067407	-0.1713922696	0.0052495338	-0.0540883803	-0.0688675684	0.006933056	0.0255750683	-0.021697689	0.042471721500000004	-0.0205249897	0.0513145365	0.032117426	0.08512404289999999	0.1274902557	0.0536360262	0.0186732503	0.09391824900000001	-0.14045872439999998	-0.0930620598	0.016874154199999998	-0.0714796492	-0.0732772013	0.039309877	-0.1507130877	0.0029748619	-0.08889428449999999	0.1433383808	-0.0410227666	0.0668078745	0.041963609900000004	0.005756573399999999	0.058506233899999996	0.07059004969999999	0.070111475	-0.0095309929	0.0139377077	0.10811516539999999	0.0709530731	0.0228397281	-0.0347240518	0.013472438100000001	-0.058308922	-0.0015614110999999998	-0.043447585700000006	0.0919935683	0.0482100771	-0.0904168407	-0.0607423275	0.029350791400000006	-0.0372278911	-0.058099966600000004	-0.0957994116	0.0951892942	-0.0941753084	0.0927617564	-0.09095463570000001	0.0494418	-1.539999999999181e-05	2.371599999997477e-10	0.0024444915872399997	0.08321460000000001	-0.024299400000000002	0.006924669653160002	0.0005904608403599999	-0.261416	-0.004566999999999989	0.06833832505599999	2.085748899999989e-05	0.00158464	0.000664968	4.4218244102400006e-07	2.5110839296e-06	0.00139946	-2.087000000000009e-05	4.355569000000037e-10	1.9584882916e-06	0.000929222	-0.00015623799999999995	8.634535252839998e-07	2.4410312643999985e-08	0.0	0.0	0.0	0.0	0.0	0.0	0.0	0.0	0.0	0.0	0.0	0.0	0.0	0.0	0.0	1.89804472	1.38725919	-1.291121667	1.071980814	-0.0862693477	1.074506396	-0.6194386408	-0.2484241862	0.5494442979	0.7123523439	0.08751249405	0.8128221342	2.210357135	0.1724715759	0.3312812142	1.435377182	1.444011158	0.2900077287	-0.5435372456	-2.158914382	-1.692798907	-2.162994148	0.1116690609	1.380485943	-0.269494843	-0.5149004618	0.4369846852	-0.6225785959	-0.53285811
918.522520792302	6.18709770870521	843683.6212026449	38.28017805706526	671.7090342861193	2.1399562619059225	451193.02674159093	4.579412802870369	655.1461805282703	1.2484891876682696	429216.51786078094	1.5587252517245755	1.322862	22.012802	0.13634510000000002	-0.10108522789999999	0.0433793707	-0.0509479487	0.0837933015	-0.0602156425	-0.0248405299	0.1369227966	0.015946998	0.0168478224	-0.017131836	-0.1280699415	-0.0444895268	0.047859568	-0.057825576399999995	-0.055918832300000006	-0.0090162843	0.0390150169	0.024116223399999998	0.0714898395	-0.0338253485	-0.142943447	0.0562111078	0.0395862782	-0.0317412521	-0.08894615300000001	0.0425886315	-0.0333598868	0.1725270107	-0.051378682300000006	-0.072664412	-0.08396492050000001	-0.0270353119	-0.044173845499999996	0.11631223369999999	0.0058864824	-0.049242515099999995	-0.014899328100000001	0.07875413889999999	0.0350037397	-0.09546189669999999	-0.0011945666	0.0346281772	0.094741781	0.1411912791	0.011246146	0.051941070199999995	0.029789804	0.0123469477	0.056924804	-0.0253818495	-0.0079535619	0.0508574669	-0.0611348184	0.0356484859	0.0847462644	0.051587229500000005	-0.0231961675	-0.0337024958	-0.034314006	-0.0163151936	-0.1053606697	-0.12095177650000001	0.0005853945	0.0682551241	-0.0017283657000000002	-0.06767828719999999	0.0186919297	0.07031927639999999	-0.043282874699999994	-0.0197597097	0.0817713491	-0.0292236652	-0.05479149269999999	0.085200162	0.0598191869	-0.0198832415	0.0651059802	-0.0495658287	-0.0316815769	0.1515562751	0.0173903472	-0.0309519569	0.0552939412	-0.11340434880000001	0.0359061832	0.0383670165	0.051280180300000006	-0.0041171359	0.0651029501	0.0338542744	0.1255052731	-0.029361495499999998	-0.0775760221	0.0644152735	-0.0677637206	-0.0515983038	-0.0800303426	-0.0332983168	0.1466745787	-0.0334366111	0.0671239436	0.021044624700000004	-0.030376643199999998	-0.0305685319	0.0972849164	-0.01231505	-0.0226267159	0.022758405699999998	-0.0897954954	-0.049045902599999996	0.0795219934	-0.2181835423	-0.028469146600000002	-0.09254417	-0.0602158033	-0.052615629299999994	-0.0782090428	0.028975826	-0.0672761243	0.023799871299999997	-0.0132664946	0.0576557343	0.0530342868	-0.0690589286	0.0316776602	-0.057673102699999985	-0.08761690609999999	0.0080495386	0.0150805015	-0.0323912407	0.082588683	0.0054714828	0.006133220500000001	-0.0626119231	-0.0635454333	0.0399772703	0.0006247363	-0.10655096019999999	0.0350753667	-0.0337179514	-0.052380048600000007	0.0625917017	-0.0447078893	-0.0149367441	0.014280419499999999	-0.0852407522	0.024134468399999998	-0.1128227772	0.046259916500000005	0.0166938461	0.0020813609	0.0092749186	0.0457339146	0.1400313153	-0.09587985289999999	0.09551051140000001	-0.0948959959	0.0940378836	-0.0929383775	0.0532641	0.0038222999999999938	1.4609977289999952e-05	0.00283706434881	0.145074	0.0618594	0.021046465476000004	0.00382658536836	-0.288006	-0.026590000000000003	0.082947456036	0.0007070281000000001	0.00109495	-0.0004896900000000001	2.397962961000001e-07	1.1989155024999997e-06	0.00116392	-0.00023554	5.547909160000001e-08	1.3547097664e-06	0.00108546	0.00015623799999999995	1.1782234115999997e-06	2.4410312643999985e-08	0.0	0.0	0.0	0.0	0.0	0.0	0.0	0.0	0.0	0.0	0.0	0.0	0.0	0.0	0.0	1.94663418	1.341940432	-1.316062814	1.751209602	-0.2919637745	-0.3517869472	-0.3922757387	0.1004559741	-1.062574139	0.2673683512	-1.35076173	1.9995849	0.4954028508	-0.7731627241	1.982380925	-1.278929555	0.6846036458	0.3611838265	0.2724006869	0.3218705319	0.2001981738	0.2782142335	-0.7447612946	0.2192411046	-0.2739406465	0.03569470673	-0.3001963307	0.6637313754	-0.4049282041
916.3736821360465	-2.1488386562555206	839740.7253115759	4.617507570618033	671.1911941335047	-0.5178401526145535	450497.61908236	0.2681584236598641	655.3259404458256	0.17975991755531595	429452.0882212058	0.03231362795949399	1.1955110000000002	19.893652	0.08567079999999999	-0.0149903275	-0.0128538749	0.1093906042	0.1017554227	-0.1470547905	0.0387151755	0.0916936191	-0.032845459900000006	-0.06842248570000001	0.1218700152	0.0132286026	-0.0731273071	0.0373195342	-0.042532980899999996	-0.0413435657	-0.0790502132	-0.11300242449999999	-0.0346620983	-0.0538846929	-0.06555073089999999	-0.07485564	-0.0449548259	0.0003388814	0.044412674900000004	0.0247306226	-0.011717118	-0.0833780373	-0.090594205	0.0581076851	0.0822288426	-0.0601162288	0.023381835400000002	-0.0289621665	-0.041798226	-0.0342627606	0.0902201332	-0.018389833600000002	-0.028558531600000006	-0.0084658657	0.034311552	-0.0332043827	-0.0164145079	-0.0346470787	0.06952289	-0.070918805	0.0173790706	-0.030063033	0.24549249010000002	-0.0129647527	-0.08937595359999999	0.14752656109999998	0.07630410209999999	-0.015375366599999999	0.011609941499999998	0.0226763471	-0.0646182806	-0.0224831484	0.06883054429999999	-0.00439184	0.0681804246	-0.0783782219	-0.1152255541	-0.0413427745	0.0367452225	-0.0589279727	-0.1042208969	0.065505013	0.0436934954	0.0070582528	0.046388605199999995	-0.0583013254	0.0192336206	-0.024390272799999998	0.030051002799999997	-0.0040489502	-0.1308100211	-0.036899358199999996	0.0123086148	-0.0250110338	0.084049604	-0.0279021548	-0.015512692199999999	-0.024237393700000002	-0.10047522880000001	0.0515335091	-0.11005792130000001	-0.09044426679999999	0.0852767631	-0.0186597335	0.014469138999999999	0.10540730970000001	-0.039807781	0.076739074	0.0007618635000000001	0.0149662223	0.06684597240000001	-0.1021497602	0.0009180421	-0.10443493390000001	0.0054634631000000005	-0.0344236202	-0.0234130775	0.0340894488	0.0458498388	0.040249932	-0.0151223301	0.0242161446	0.0084052491	0.0663664749	-0.0732999087	-0.0118922675	0.0327131627	0.0190123224	0.0525561587	-0.022495231600000002	-0.063188878	-0.0273055206	-0.011591128999999999	0.028463432599999998	0.0849089851	0.0988556199	0.022657125299999997	-0.11512569710000001	-0.0325770527	-0.12547651869999998	-0.072366994	-0.1126851249	0.0648388065	-0.046736973	0.047077226900000005	-0.0638967553	-0.0912102712	-0.0107041055	-0.1122915095	-0.0979700399	-0.0775128435	0.051733663099999994	-0.1224693479	0.007281795600000002	0.0737614323	0.0533417629	0.0333508035	0.0441263982	-0.0324677197	-0.0980554401	-0.0527732912	-0.0005582514	-0.1212522551	-0.0531176551	-0.024330252099999998	0.060941515	-0.0785767633	0.0401179342	-0.0307807851	-0.0959401986	0.0957516603	-0.0954377042	0.0949987415	-0.09443534710000001	0.0578692	0.004605100000000008	2.1206946010000072e-05	0.0033488443086400004	0.0975518	-0.0475222	0.00951635368324	0.00225835949284	-0.263202	0.024803999999999996	0.069275292804	0.0006152384159999997	0.0010350200000000002	-5.992999999999969e-05	3.591604899999965e-09	1.0712664004000004e-06	0.00104906	-0.00011485999999999983	1.3192819599999962e-08	1.1005268836e-06	0.00108546	0.0	1.1782234115999997e-06	0.0	0.0	0.0	0.0	0.0	0.0	0.0	0.0	0.0	0.0	0.0	0.0	0.0	0.0	0.0	0.0	1.803132557	1.665895446	-1.742960181	0.5404453893	1.318631845	2.069274494	0.3912204712	-0.09005564438	-0.9027527273	1.036816243	-0.2732917492	1.082120676	0.7164298657	1.204564349	1.006412212	0.393251393	0.2474923111	-0.1558027081	-0.9451203811	-0.6672506995	-1.346935359	0.6521900514	-0.2499546626	0.7139846906	-0.04529006711	-0.7072020347	0.2837009448	-0.7364845267	-2.068263025
912.4114609834387	-3.9622211526077535	832494.6741339329	15.699196462172315	670.7117954914828	-0.4793986420219198	449854.31261140865	0.2298230579724609	654.6326455354257	-0.6932949103999135	428543.9006007103	0.4806578327864242	1.1701800000000002	19.472134	0.04912385000000005	0.0475149624	0.0970919023	0.006224040500000001	-0.0212905427	-0.031774724500000004	0.0742335782	0.0241171214	-0.0521060572	-0.055360382	-0.0892789983	-0.0745564969	-0.0707790251	-0.0522382187	-0.0503618013	-0.0314417499	-0.0252040053	-0.08509182609999999	0.0292708677	0.0219638581	0.007909873100000001	0.0318900842	-0.026065034900000002	0.0107432328	0.1441211051	-0.005107172	-0.013955293300000001	-0.026972127599999996	-0.1054678994	0.059639790899999996	0.0643181402	0.027999518900000003	0.0260343179	0.0431028177	-0.0374766986	0.0249397672	0.1190760107	-0.0117980455	-0.0331842333	0.0232455663	0.0183749246	0.0101622993	0.0452033268	0.0065846391	0.019600043799999998	0.042804317800000005	0.0179573918	-0.0346927495	-0.0192220772	-0.021727947	0.004322894	-0.1304571056	0.06247707690000001	-0.0416691447	-0.0078523163	-0.1265141214	-0.0082102311	-0.0328427101	-0.0338531585	0.0814050603	-0.0451466334	0.0333067567	-0.0435043841	0.1632791916	-0.0450202616	-0.0684613322	0.0805868566	0.0367445541	0.0526544296	0.010965262	-0.0548553279	-0.0087168893	0.0506837657	-0.0054050992	0.0062870259	-0.10278317029999999	0.034349834700000005	-0.025715567	-0.0077269623	0.0696344678	0.0686765989	0.0130654951	0.028603596000000002	-0.0503398512	-0.0732055633	-0.002083538	-0.0503579485	0.13222447199999998	0.0893160383	0.0187918795	0.0089476132	0.0385199631	-0.0033919171000000004	0.0351617079	-0.004914012299999999	-0.06780294419999999	0.0269510924	0.043477809900000004	0.0227925331	-0.1672222494	-0.0206466197	0.050694967199999996	0.0759580149	0.0224033108	0.0065574105	0.0037557958	-0.0167384199	0.055538605	0.0157684109	0.0481540841	-0.0393565688	-0.050362488	0.0764984465	-0.0491326706	0.0252787112	0.052302833	-0.1336599141	-0.0309799661	0.05326091980000002	-0.012184123	0.008482125	0.0203517997	-0.064549007	0.0643639082	0.1274912401	-0.0070956030000000015	0.1083792774	0.0391302971	-0.043951169000000005	-0.0791495327	-0.0518056594	-0.048204230099999995	-0.0039754315	0.027642310899999998	0.019276378400000002	0.046468004199999996	0.0384424872	-0.0501956032	0.0441016708	0.0507860963	-0.011681281299999999	-0.11875223800000001	0.0194668097	-0.0183991177	-0.1019069493	0.071516249	0.10368980369999999	0.0092047751	-0.0182207198	-0.058846494299999996	0.0306731922	-0.07709695059999999	0.0418482442	-0.0288364104	0.08471134	-0.0959804361	0.0959125386	-0.0957994116	0.0956411086	-0.0954377042	0.0574077	-0.00046150000000000363	2.1298225000000328e-07	0.0032956440192899996	0.08229459999999998	-0.015257200000000025	0.006772401189159997	0.00023278215184000084	-0.283743	-0.020540999999999976	0.08051009004899998	0.00042193268099999904	0.0010350200000000002	0.0	0.0	1.0712664004000004e-06	0.000909343	-0.00013971700000000006	1.952084008900001e-08	8.269046916490002e-07	0.000967894	-0.00011756599999999995	9.368187952360001e-07	1.3821764355999986e-08	0.0	0.0	0.0	0.0	0.0	0.0	0.0	0.0	0.0	0.0	0.0	0.0	0.0	0.0	0.0	1.850146723	1.839640461	-1.000575969	1.761635343	0.485232694	1.081460063	0.6486965337	-0.04472627964	0.7822242002	0.4458516361	0.4302300955	0.8294453348	-0.05225742349	0.9738540813	0.7006042333	0.6496438746	1.53849666	0.2455882505	0.9604072902	-0.544469268	-1.823262885	-0.9020223048	-0.6101335926	-1.115546064	-0.3904527599	-0.3807321829	0.9959573863	1.165006502	-0.2785375481
918.0557610177417	5.644300034303001	842826.3803378649	31.85812287723285	671.828109013311	1.1163135218281468	451353.0080604013	1.2461558790163605	653.5969111348187	-1.035734400606998	427188.9222449761	1.0727457486007372	1.113905	18.535692	0.07765595	-0.0732707089	-0.0727402701	0.010326635899999999	-0.025182496600000003	0.0457108228	-0.08424881449999999	0.1141487523	-0.0692404851	0.0068561275	-0.0034000765000000003	-0.0282184712	-0.0059746141	-0.0435636812	0.0012343828	0.0806626791	-0.0611748714	-0.0226863546	-0.0014986643	-0.013508035600000001	-0.002347698	0.05662662280000001	0.0587991042	0.0337283389	-0.0006869131	-0.017136558700000002	-0.0112026291	0.0379242977	0.09631488	0.022053979100000003	-0.0432255454	-0.002138332	-0.059260119000000014	0.0211508534	-0.0160340251	-0.0050758794	0.0459448456	-0.08556906310000001	0.0304159843	-0.1160970635	0.0973181159	-0.0318631435	0.0374125909	0.010502346899999999	0.0704458234	-0.0030387032	0.11521263779999999	0.0927989102	-0.0171391716	0.110681504	-0.0400481618	-0.055688316200000004	-0.0410515092	-0.0612972105	-0.0637053907	-0.0529501875	-0.0638000414	0.0579567863	-0.0082395704	0.1317355754	0.055612006299999996	0.11484620599999999	-0.0630535862	3.3013e-06	-0.0764467233	-0.049035893899999995	0.0062643104000000005	-0.014159143400000001	0.0380185432	0.0107746937	0.038921886600000004	0.0227940884	-0.0029383905	-0.0694950389	-0.0023698264	0.0974298717	-0.05094106	-0.0010854417	0.06236052490000001	0.08970690279999999	0.0591253044	0.06191145660000001	0.0892206751	0.1064519293	-0.10600743619999999	-0.029017721099999998	0.016395685	-0.0063934426	0.0415439198	0.0040392092	0.043828015199999994	-0.0129773605	-0.0627354379	-0.0077482835	-0.061022746399999994	-0.0037154842	0.052922396	0.021781703700000002	0.0021723738	0.070194502	0.0333196571	0.046013859500000004	0.006181142099999999	-0.0314309917	-6.93243e-05	0.0280867466	0.08894676630000001	0.0318822315	0.052571767199999994	0.10838627460000001	0.04938337	0.1562869944	0.017171088600000002	-0.0363183896	-0.110583082	0.0331387483	-0.014077276599999999	-0.0351402023	-0.0074556374	0.007581583100000002	0.048062741	0.05927259190000001	0.09585625699999999	0.0792853929	0.0562899381	0.1245343504	-0.059177773499999996	0.0037299752	0.0589856032	0.0026344788	0.0601002932	-0.05197089	0.0702542979	0.0337180973	-0.0779425571	0.017604705	0.0079351836	-0.1252240403	0.11352459039999999	0.0664660407	0.07725015860000001	-0.11376756240000001	-0.0055135561	0.0775787535	0.016127530600000002	0.0454082088	-0.031841368599999996	0.0335797304	0.1389797125	-0.0204729152	0.114725622	0.066009761	-0.0690005947	0.0228654502	-0.0707621242	-0.09600055689999999	0.0959930115	-0.0959804361	0.0959628315	-0.0959401986	0.0457153	-0.0116924	0.00013671221775999996	0.00208988865409	0.103153	0.020858400000000013	0.010640541409	0.00043507285056000047	-0.277322	0.00642100000000001	0.07690749168399998	4.122924100000013e-05	0.000595362	-0.0004396580000000002	1.9329915696400015e-07	3.5445591104400003e-07	0.00122814	0.00031879699999999984	1.0163152720899994e-07	1.5083278596e-06	0.000983122	1.5227999999999945e-05	9.66528866884e-07	2.3189198399999826e-10	0.0	0.0	0.0	0.0	0.0	0.0	0.0	0.0	0.0	0.0	0.0	0.0	0.0	0.0	0.0	1.872367595	1.718201407	-1.546437296	1.403584631	0.05864629212	-0.2756242583	0.1002314112	-0.251582665	-0.3154750599	0.1500279702	-1.248981668	1.989810416	-0.2276978146	0.1452771752	1.617715786	1.681670013	0.1953198159	0.7484873157	-0.5761937551	0.7086495056	1.485106702	1.761483502	0.1078968017	0.2894008319	-0.540085769	0.7511924359	-0.2464118435	1.34123216	-1.549097985